chr	pos1	pos2	chr2	pos3	pos4	length	width	Mean	maxpixel	pvalue	Stripiness
X	72990001	73080000	X	72990001	73980000	990000	90000	3.8258140832640075	96.0%	0.017634854771784232	20.819345519820097
16	23960001	24040000	16	23960001	25050000	1090000	80000	10.997399653376828	99.0%	0.006224066390041493	17.923397529693545
9	33060001	33130000	9	32360001	33130000	770000	70000	15.230832190218978	99.0%	0.0031120331950207467	17.611701368547823
X	166640001	166720000	X	166640001	167260000	620000	80000	6.379794705191171	96.0%	0.05964730290456431	16.452686049738492
14	54200001	54280000	14	54200001	54680000	480000	80000	23.102062044641745	99.0%	0.007261410788381743	15.161706382492525
3	100930001	101020000	3	100930001	101500000	570000	90000	18.069010198911943	99.0%	0.04253112033195021	13.028309591047227
4	144860001	144950000	4	144860001	145350000	490000	90000	21.215456244655176	99.0%	0.005186721991701245	11.746735976697934
6	71760001	71840000	6	71130001	71840000	710000	80000	16.225756222673553	99.0%	0.005186721991701245	10.583294778966426
1	156040001	156120000	1	156040001	156900000	860000	80000	11.663846163109314	99.0%	0.002074688796680498	10.393178995062383
17	52430001	52500000	17	51750001	52500000	750000	70000	11.721197020029978	99.0%	0.022821576763485476	9.74521888511865
10	122520001	122590000	10	122520001	123240000	720000	70000	13.138268455817737	98.0%	0.00466804979253112	9.304263307753255
10	93020001	93100000	10	93020001	93580000	560000	80000	16.446867063883094	99.0%	0.006224066390041493	9.041198059560442
6	51140001	51230000	6	51140001	52340000	1200000	90000	7.677799904184097	96.0%	0.008298755186721992	9.033616102188725
15	61960001	62020000	15	61960001	63740000	1780000	60000	7.4431494452499605	99.0%	0.008817427385892116	8.728414284672393
2	173520001	173590000	2	172820001	173590000	770000	70000	14.441644913345998	99.0%	0.00933609958506224	8.509042995513457
10	8180001	8270000	10	7800001	8270000	470000	90000	17.27822315234128	99.0%	0.01867219917012448	8.369800075735727
3	40470001	40550000	3	40470001	41210000	740000	80000	9.491212113283478	98.0%	0.0031120331950207467	8.333170731492743
6	52240001	52330000	6	52240001	53020000	780000	90000	10.766899251640668	99.0%	0.005186721991701245	8.317380483971386
8	34160001	34240000	8	34160001	34840000	680000	80000	14.96253936194413	99.0%	0.011410788381742738	8.143306248011003
3	52220001	52300000	3	52220001	53010000	790000	80000	11.813484320799304	99.0%	0.03423236514522822	8.0484180926808
14	16150001	16240000	14	15060001	16240000	1180000	90000	9.188529300548579	99.0%	0.013485477178423237	7.9825483446769026
12	99060001	99130000	12	99060001	100130000	1070000	70000	10.35153762210897	99.0%	0.03423236514522822	7.910378194750033
12	110390001	110470000	12	110390001	111090000	700000	80000	12.978417600320729	99.0%	0.006224066390041493	7.900556669002646
19	9050001	9140000	19	8700001	9140000	440000	90000	21.376411743748818	99.0%	0.006742738589211619	7.702807204237373
X	11600001	11690000	X	11600001	12370000	770000	90000	6.055889653430392	96.0%	0.06431535269709543	7.626716723411771
1	38960001	39040000	1	38960001	39570000	610000	80000	17.671291352902774	99.0%	0.006224066390041493	7.610077211978625
1	137990001	138050000	1	137010001	138050000	1040000	60000	11.626470921998035	98.0%	0.016078838174273857	7.417509103481987
7	67750001	67840000	7	67750001	68380000	630000	90000	14.534721126856844	99.0%	0.006224066390041493	7.186591599897938
4	95000001	95090000	4	95000001	95940000	940000	90000	11.005183070455601	99.0%	0.03475103734439834	6.9331066506790044
13	46270001	46350000	13	46270001	46820000	550000	80000	15.914631256284434	99.0%	0.06016597510373444	6.873811903757544
1	57400001	57490000	1	57400001	58070000	670000	90000	13.620690309780839	99.0%	0.03319502074688797	6.4653227736598256
X	166140001	166230000	X	166140001	166640000	500000	90000	5.690506120523431	97.0%	0.06690871369294606	6.4345668548749915
1	166100001	166190000	1	165570001	166190000	620000	90000	15.286609520132917	98.0%	0.011929460580912862	6.2062679940053656
7	75100001	75180000	7	75100001	75920000	820000	80000	9.225117382709145	98.0%	0.005186721991701245	6.1644436089636665
5	109550001	109620000	5	109550001	110350000	800000	70000	10.62898997568301	99.0%	0.012448132780082988	6.063302386044643
9	123780001	123870000	9	123360001	123870000	510000	90000	21.74045464213869	98.0%	0.01037344398340249	6.035800665101763
1	106330001	106420000	1	105850001	106420000	570000	90000	15.034706393540139	99.0%	0.007261410788381743	5.991665018788427
16	25020001	25110000	16	24060001	25110000	1050000	90000	8.951938048838617	97.0%	0.07157676348547717	5.955958650674835
10	99550001	99640000	10	99080001	99640000	560000	90000	14.162213666745867	99.0%	0.03734439834024896	5.946803413173454
X	167250001	167330000	X	167250001	168220000	970000	80000	3.658455118847573	97.0%	0.08298755186721991	5.621220673289217
8	34780001	34870000	8	34110001	34870000	760000	90000	14.542057918647016	99.0%	0.07935684647302904	5.573862085462948
9	32910001	33000000	9	32410001	33000000	590000	90000	19.997697832991463	99.0%	0.006224066390041493	5.460095173285025
1	177660001	177740000	1	176740001	177740000	1000000	80000	10.39129727248274	96.0%	0.01037344398340249	5.404808110086493
13	63300001	63380000	13	62890001	63380000	490000	80000	16.889866208454	99.0%	0.03319502074688797	5.33274704721019
11	96250001	96340000	11	96250001	96890000	640000	90000	16.989732792775662	99.0%	0.006742738589211619	5.325743555257266
1	38720001	38810000	1	38160001	38810000	650000	90000	14.315365605602627	99.0%	0.04045643153526971	5.295738879779642
13	97900001	97980000	13	97210001	97980000	770000	80000	11.539794562993501	99.0%	0.03630705394190872	5.226522783458855
4	59530001	59620000	4	58970001	59620000	650000	90000	14.999303562583329	99.0%	0.028008298755186723	5.223366614514291
1	37240001	37320000	1	37240001	37680000	440000	80000	20.31634437499473	99.0%	0.01141078838174274	5.178973695538402
14	76980001	77050000	14	75980001	77050000	1070000	70000	7.378785473180692	98.0%	0.09232365145228216	5.151419853173088
1	182110001	182190000	1	182110001	182540000	430000	80000	17.275036806100612	99.0%	0.006224066390041493	5.121962428368694
7	49080001	49160000	7	48730001	49160000	430000	80000	19.17569984634087	99.0%	0.014522821576763486	5.089157778417418
7	38160001	38220000	7	38160001	40980000	2820000	60000	2.8990341703934384	95.0%	0.011929460580912862	4.952324950371469
10	26850001	26920000	10	26320001	26920000	600000	70000	12.82392549855403	99.0%	0.02074688796680498	4.864212485349284
2	83990001	84060000	2	83990001	84910000	920000	70000	8.797309155921493	98.0%	0.00933609958506224	4.798987887701214
X	103450001	103520000	X	103450001	104020000	570000	70000	5.589388271557106	98.0%	0.056016597510373446	4.785606525777695
15	8570001	8660000	15	8120001	8660000	540000	90000	15.133736987372648	98.0%	0.014522821576763486	4.749699553753183
3	96260001	96340000	3	96260001	96730000	470000	80000	16.682585593267515	99.0%	0.005186721991701245	4.724435802908457
2	128350001	128440000	2	127870001	128440000	570000	90000	17.90385106074669	99.0%	0.08713692946058091	4.687024239970283
1	138060001	138150000	1	138060001	139180000	1120000	90000	10.736115011845497	98.0%	0.008817427385892116	4.6743386653631935
19	7030001	7100000	19	7030001	7450000	420000	70000	20.2225462903958	99.0%	0.007261410788381743	4.654587713754918
16	50690001	50780000	16	49600001	50780000	1180000	90000	6.688471971125638	95.0%	0.014004149377593362	4.654562432418861
18	5960001	6040000	18	4720001	6040000	1320000	80000	8.282011204265777	96.0%	0.09387966804979253	4.5578051459155144
13	90920001	91010000	13	90920001	91860000	940000	90000	9.41166658652129	98.0%	0.01867219917012448	4.5519871602273065
4	130510001	130580000	4	130510001	131200000	690000	70000	8.592880612360023	95.0%	0.005186721991701245	4.508036312063287
14	44940001	45010000	14	44940001	45490000	550000	70000	12.406062516224639	97.0%	0.015560165975103735	4.432725155872673
3	101780001	101870000	3	101010001	101870000	860000	90000	10.757019839223371	99.0%	0.033713692946058096	4.332669744504658
12	16480001	16570000	12	15590001	16570000	980000	90000	10.238326191785168	97.0%	0.0570539419087137	4.302355472331531
4	41700001	41760000	4	40680001	41760000	1080000	60000	8.470435637570464	98.0%	0.02645228215767635	4.294448761576943
1	173910001	173990000	1	173460001	173990000	530000	80000	12.527255729097131	99.0%	0.004149377593360996	4.21869947528205
7	101620001	101710000	7	101620001	102090000	470000	90000	18.172060765143407	99.0%	0.00933609958506224	4.190063338391638
1	143760001	143850000	1	143760001	144430000	670000	90000	12.242271363496235	95.0%	0.005186721991701245	4.178077641577234
13	102620001	102700000	13	101210001	102700000	1490000	80000	6.46700924204648	95.0%	0.06327800829875518	4.090921485564951
1	192080001	192150000	1	190930001	192150000	1220000	70000	7.5290276121924995	97.0%	0.008298755186721992	4.090464662045258
2	103540001	103600000	2	103540001	103880000	340000	60000	25.259301267489946	99.0%	0.007780082987551867	4.080175403720485
10	67290001	67360000	10	67290001	67860000	570000	70000	12.72014395850572	99.0%	0.056016597510373446	4.047478889241799
10	111910001	112000000	10	110940001	112000000	1060000	90000	7.461078929746305	99.0%	0.06846473029045644	4.010278558624752
15	67070001	67140000	15	66640001	67140000	500000	70000	16.69438639219816	99.0%	0.019190871369294607	4.006745956087382
11	67970001	68060000	11	67970001	68590000	620000	90000	18.926252313453617	99.0%	0.02800829875518672	4.000510631874489
12	35160001	35220000	12	34430001	35220000	790000	60000	9.539911433699823	99.0%	0.013485477178423237	3.987135104708404
3	27430001	27500000	3	27060001	27500000	440000	70000	15.657302214702721	99.0%	0.04616182572614108	3.932416114605837
3	59690001	59770000	3	59060001	59770000	710000	80000	9.57638349974357	99.0%	0.015560165975103735	3.9270934965027378
1	51580001	51660000	1	50890001	51660000	770000	80000	11.00656907464429	98.0%	0.006224066390041493	3.9006284557240423
12	76960001	77050000	12	76960001	77840000	880000	90000	11.818686892051367	97.0%	0.01504149377593361	3.8960436541180066
15	59370001	59450000	15	59370001	59840000	470000	80000	17.13062917666667	99.0%	0.04045643153526971	3.8706302689678456
5	99200001	99290000	5	99200001	100100000	900000	90000	9.482712338277159	98.0%	0.01037344398340249	3.779666875748587
10	66870001	66950000	10	66870001	67310000	440000	80000	15.629852585102459	99.0%	0.023340248962655602	3.7141299898973763
5	111370001	111440000	5	111370001	112180000	810000	70000	11.856887264978043	99.0%	0.017634854771784232	3.7112392205876903
16	10510001	10600000	16	10510001	11330000	820000	90000	12.299495932040527	98.0%	0.018153526970954355	3.6564628938369226
9	14280001	14370000	9	13870001	14370000	500000	90000	19.85124707584547	99.0%	0.06950207468879668	3.656390231350952
3	135250001	135330000	3	135250001	136000000	750000	80000	11.658420863575996	99.0%	0.03630705394190872	3.643102914101993
15	96900001	96970000	15	96480001	96970000	490000	70000	15.573542336483326	99.0%	0.04149377593360996	3.6046070602361215
4	149520001	149610000	4	149150001	149610000	460000	90000	19.86531235413167	99.0%	0.048755186721991695	3.57941768148884
15	58920001	59000000	15	58920001	59860000	940000	80000	11.937618498158976	98.0%	0.021265560165975105	3.578016391198843
3	32670001	32750000	3	32330001	32750000	420000	80000	15.692405314692056	99.0%	0.05394190871369295	3.571159854647733
13	97210001	97290000	13	97210001	97940000	730000	80000	13.07210055656978	99.0%	0.01970954356846473	3.5697233514903846
11	116430001	116500000	11	115840001	116500000	660000	70000	18.810380419332876	99.0%	0.007780082987551867	3.5677263694474983
14	51870001	51940000	14	51870001	52430000	560000	70000	13.794485592448215	98.0%	0.02230290456431535	3.4620858019915315
2	27210001	27290000	2	26590001	27290000	700000	80000	15.238239178948191	97.0%	0.010892116182572614	3.444302204259197
16	95930001	96000000	16	95190001	96000000	810000	70000	13.3181319857096	98.0%	0.007261410788381743	3.4403513797941536
13	112640001	112710000	13	112640001	113210000	570000	70000	12.814977154750293	99.0%	0.013485477178423237	3.4218398447822187
6	49900001	49970000	6	49900001	50310000	410000	70000	17.166229971122334	99.0%	0.01867219917012448	3.383178380087088
15	28150001	28220000	15	27620001	28220000	600000	70000	12.166283194059213	99.0%	0.043568464730290454	3.3753157101824764
5	103320001	103400000	5	103320001	103940000	620000	80000	12.023400346448863	99.0%	0.00933609958506224	3.3582040422101205
5	105820001	105910000	5	105380001	105910000	530000	90000	16.06086819264813	99.0%	0.04564315352697095	3.2464941296340295
2	49690001	49770000	2	48810001	49770000	960000	80000	8.925048322901896	96.0%	0.04823651452282157	3.2257940796412607
2	58010001	58090000	2	58010001	58430000	420000	80000	16.192711427368117	99.0%	0.008298755186721992	3.110584732093639
1	154980001	155070000	1	154980001	155560000	580000	90000	15.86830172530852	98.0%	0.016597510373443983	3.085117882397633
17	5410001	5480000	17	5410001	5760000	350000	70000	19.967534614532592	99.0%	0.029045643153526972	3.0537122839789483
16	30530001	30620000	16	30530001	31430000	900000	90000	9.920617272532962	97.0%	0.020228215767634852	3.05078087036531
3	142250001	142330000	3	142250001	142730000	480000	80000	13.239272190083854	99.0%	0.03423236514522822	3.033224888981853
15	12780001	12830000	15	12050001	12830000	780000	50000	9.762045911947569	99.0%	0.015560165975103735	2.9961435264906626
1	131520001	131610000	1	131090001	131610000	520000	90000	18.343481005303957	99.0%	0.011410788381742738	2.9803663154053814
1	60820001	60900000	1	60130001	60900000	770000	80000	15.623463141424976	99.0%	0.004149377593360996	2.970145944138899
17	49920001	50010000	17	49920001	50980000	1060000	90000	8.395658548294623	96.0%	0.030601659751037347	2.9601098139792863
6	55140001	55210000	6	54560001	55210000	650000	70000	10.895401377214247	99.0%	0.07468879668049792	2.928619351177202
13	37280001	37370000	13	36010001	37370000	1360000	90000	7.448804015529244	96.0%	0.03371369294605809	2.9075644502832274
1	171780001	171870000	1	171780001	172370000	590000	90000	16.614185930769963	99.0%	0.011410788381742738	2.8942354467762104
11	31650001	31720000	11	31650001	32330000	680000	70000	13.884763334115922	99.0%	0.03371369294605809	2.8811727208420304
9	44410001	44500000	9	44410001	45420000	1010000	90000	13.299867307322554	95.0%	0.046680497925311204	2.867243652866832
5	4180001	4240000	5	3490001	4240000	750000	60000	10.607824658395586	96.0%	0.029045643153526972	2.8631986743738334
7	64700001	64780000	7	63730001	64780000	1050000	80000	7.196370171686641	95.0%	0.016597510373443983	2.854462805983339
19	60110001	60180000	19	59390001	60180000	790000	70000	10.867780804734972	98.0%	0.024896265560165973	2.849241955417724
10	13530001	13600000	10	13530001	14370000	840000	70000	9.740419294997123	97.0%	0.04253112033195021	2.8432258418685405
5	146650001	146730000	5	146650001	147330000	680000	80000	12.851583206278603	99.0%	0.024896265560165973	2.785740208234341
10	95520001	95590000	10	95520001	96120000	600000	70000	12.725985352079618	99.0%	0.09802904564315353	2.76177733666542
16	10850001	10920000	16	10850001	11420000	570000	70000	14.178307681912063	98.0%	0.015560165975103735	2.7563278764057872
15	74710001	74800000	15	74710001	75190000	480000	90000	17.416804441168704	98.0%	0.006742738589211619	2.7552904023647846
8	25240001	25310000	8	25240001	25760000	520000	70000	16.22421462442893	99.0%	0.07883817427385892	2.7534828184323925
6	37560001	37640000	6	37560001	38070000	510000	80000	15.254086470132627	99.0%	0.043568464730290454	2.725584769228849
1	128800001	128890000	1	127820001	128890000	1070000	90000	9.463451046020081	98.0%	0.052904564315352696	2.7237318654064393
7	82230001	82310000	7	81690001	82310000	620000	80000	12.978585990822143	99.0%	0.017634854771784232	2.7221400381659775
13	13470001	13540000	13	13470001	13850000	380000	70000	20.126915519730755	99.0%	0.014522821576763486	2.713580966741375
12	72980001	73060000	12	72980001	73960000	980000	80000	9.054203605247338	98.0%	0.06742738589211618	2.6833835662453267
3	152690001	152780000	3	152100001	152780000	680000	90000	8.900496330295333	95.0%	0.020228215767634852	2.6766311278913144
16	30180001	30260000	16	29700001	30260000	560000	80000	13.51223564326271	99.0%	0.05394190871369295	2.648276335302226
1	151020001	151110000	1	151020001	151520000	500000	90000	15.956593318086751	98.0%	0.0741701244813278	2.62131195561
7	143110001	143200000	7	143110001	143510000	400000	90000	19.221347971530438	99.0%	0.023858921161825725	2.6161237278383997
9	53220001	53290000	9	53220001	53690000	470000	70000	16.55100716260919	99.0%	0.012448132780082987	2.611172400148348
16	76730001	76790000	16	76150001	76790000	640000	60000	14.893749854366007	99.0%	0.07728215767634855	2.6068846611774226
9	61660001	61730000	9	60940001	61730000	790000	70000	15.532572222704461	99.0%	0.026970954356846474	2.600085589294374
11	44970001	45040000	11	44330001	45040000	710000	70000	12.454631807868378	99.0%	0.023858921161825725	2.5804723028161125
18	33750001	33820000	18	32410001	33820000	1410000	70000	5.759718099272424	98.0%	0.046680497925311204	2.555016415653808
11	109820001	109900000	11	109220001	109900000	680000	80000	11.961080481911056	99.0%	0.016597510373443983	2.528215595018233
3	104640001	104730000	3	103730001	104730000	1000000	90000	9.891320905716514	97.0%	0.0254149377593361	2.526449894822584
4	134510001	134580000	4	134510001	134890000	380000	70000	21.905769357502436	99.0%	0.038381742738589214	2.522673224889433
11	102390001	102480000	11	102060001	102480000	420000	90000	21.33209950889061	98.0%	0.023340248962655602	2.5080918572556214
6	145800001	145880000	6	145800001	146370000	570000	80000	13.243535699380825	99.0%	0.03734439834024896	2.505755108520028
4	149040001	149110000	4	148530001	149110000	580000	70000	12.21262695651424	99.0%	0.09180497925311204	2.499551421310429
16	25220001	25300000	16	23950001	25300000	1350000	80000	5.777017289834276	95.0%	0.05394190871369295	2.4962476194299144
13	45420001	45510000	13	45010001	45510000	500000	90000	15.378775562546375	99.0%	0.09854771784232366	2.49377948895489
8	125150001	125230000	8	125150001	125890000	740000	80000	12.629387410946407	99.0%	0.040975103734439834	2.443862501541554
5	134140001	134220000	5	134140001	134720000	580000	80000	17.996554629950232	99.0%	0.029564315352697094	2.4274425419659615
17	12790001	12860000	17	12400001	12860000	460000	70000	15.626923254095583	99.0%	0.030082987551867224	2.424035344602694
8	10550001	10610000	8	10550001	11210000	660000	60000	12.426209967206695	99.0%	0.03734439834024896	2.368284473438983
6	98490001	98580000	6	98490001	99740000	1250000	90000	6.895025860319579	96.0%	0.07053941908713693	2.362796504698565
2	18350001	18440000	2	18350001	19370000	1020000	90000	9.378625110884347	98.0%	0.009854771784232365	2.359145663899674
1	37620001	37690000	1	37010001	37690000	680000	70000	15.202155540694195	96.0%	0.01711618257261411	2.3263411646458407
12	91370001	91430000	12	91370001	91870000	500000	60000	11.10678030076982	98.0%	0.011410788381742738	2.326319759109265
17	29480001	29560000	17	29200001	29560000	360000	80000	21.75349390266409	99.0%	0.028008298755186723	2.324371468646453
12	70440001	70530000	12	70440001	71150000	710000	90000	11.626054022555763	95.0%	0.0487551867219917	2.318261972183857
12	69710001	69800000	12	69710001	70190000	480000	90000	16.340521613630404	97.0%	0.015560165975103735	2.2666261264190917
2	49740001	49810000	2	49740001	50300000	560000	70000	13.009298331348106	99.0%	0.0254149377593361	2.2607873995668464
9	45360001	45440000	9	44690001	45440000	750000	80000	14.542421551644601	99.0%	0.08091286307053942	2.2488391696730874
3	129260001	129350000	3	129260001	130080000	820000	90000	8.366128218974808	95.0%	0.07157676348547717	2.2327201473138
1	43110001	43190000	1	43110001	43810000	700000	80000	12.865371731440217	99.0%	0.04979253112033195	2.2297816285114274
17	31660001	31740000	17	31660001	32310000	650000	80000	14.001015920702848	95.0%	0.056016597510373446	2.199713248712158
9	51890001	51970000	9	51450001	51970000	520000	80000	16.29167596464785	97.0%	0.014522821576763486	2.1877493691093606
1	55700001	55770000	1	55160001	55770000	610000	70000	12.646440045267662	99.0%	0.03423236514522822	2.1845352553937167
16	33270001	33350000	16	33270001	33820000	550000	80000	14.548753212630292	98.0%	0.04253112033195021	2.1842917173016407
14	48310001	48400000	14	47580001	48400000	820000	90000	8.86494357496873	98.0%	0.09232365145228216	2.176629577150909
10	43540001	43620000	10	43540001	44150000	610000	80000	14.441896413972305	98.0%	0.0912863070539419	2.1634369793362644
11	51770001	51860000	11	51770001	52250000	480000	90000	22.353015426316855	99.0%	0.014522821576763486	2.1282036303774325
1	37650001	37740000	1	37650001	38140000	490000	90000	15.770932896584956	98.0%	0.03423236514522822	2.104159190023893
7	92830001	92920000	7	92530001	92920000	390000	90000	16.926073028895992	99.0%	0.03630705394190872	2.0967368290764457
4	40690001	40780000	4	40690001	41410000	720000	90000	12.348344286227656	98.0%	0.0487551867219917	2.086454589553407
18	64710001	64790000	18	64710001	65300000	590000	80000	11.806791736993342	98.0%	0.04253112033195021	2.0833731676984883
9	51300001	51380000	9	51300001	51950000	650000	80000	14.005606995925147	99.0%	0.01867219917012448	2.0821864634112104
15	11940001	12030000	15	11940001	12460000	520000	90000	15.163390286144464	97.0%	0.04719917012448133	2.0814450732146565
8	91150001	91240000	8	91150001	92280000	1130000	90000	7.120795102718006	95.0%	0.03423236514522822	2.054089198803659
1	164320001	164410000	1	164320001	165090000	770000	90000	11.755238483023684	99.0%	0.03423236514522822	2.0331812350432226
18	84490001	84580000	18	83410001	84580000	1170000	90000	6.313829910215724	96.0%	0.07053941908713693	1.9944147058809307
15	24550001	24640000	15	24550001	25750000	1200000	90000	5.53248249905333	98.0%	0.030601659751037343	1.9933879312054625
7	59610001	59680000	7	57140001	59680000	2540000	70000	2.523044735123231	96.0%	0.02645228215767635	1.9790998885680082
10	122050001	122140000	10	122050001	123250000	1200000	90000	5.736759596830854	98.0%	0.09128630705394192	1.9594253742225602
15	63590001	63680000	15	61960001	63680000	1720000	90000	6.86104110520055	97.0%	0.028008298755186723	1.9579619614585702
10	96210001	96260000	10	96210001	97260000	1050000	50000	10.301430602313562	97.0%	0.04149377593360996	1.957442288807956
6	121100001	121190000	6	120500001	121190000	690000	90000	13.369200444404292	97.0%	0.024896265560165973	1.946054987171705
13	67060001	67140000	13	67060001	67810000	750000	80000	10.920155256164925	99.0%	0.04771784232365145	1.9226522534750974
8	36320001	36390000	8	35710001	36390000	680000	70000	11.658767225954563	98.0%	0.06898340248962656	1.9191609468256627
10	60280001	60350000	10	60280001	60750000	470000	70000	18.898597458383858	99.0%	0.014522821576763486	1.9150361596607313
10	42280001	42370000	10	42280001	42930000	650000	90000	10.977159458078471	98.0%	0.08298755186721991	1.9034106093097174
1	188970001	189040000	1	188970001	189990000	1020000	70000	7.372901308353185	97.0%	0.07676348547717843	1.8986621444066591
11	90590001	90660000	11	90150001	90660000	510000	70000	13.990755733178576	99.0%	0.024896265560165973	1.8955125529944215
7	66790001	66870000	7	66790001	67760000	970000	80000	9.54015444671478	97.0%	0.04771784232365145	1.884898579863871
7	74350001	74440000	7	74350001	75110000	760000	90000	12.163813574588268	96.0%	0.03630705394190872	1.883214175316761
9	124080001	124160000	9	123580001	124160000	580000	80000	18.016326694936183	97.0%	0.0254149377593361	1.8607567182740148
6	50500001	50590000	6	50110001	50590000	480000	90000	16.792562462820005	99.0%	0.08765560165975103	1.8547742032852013
14	120090001	120170000	14	120090001	120780000	690000	80000	9.124881004214258	98.0%	0.08609958506224066	1.8448736680390352
7	118970001	119050000	7	118520001	119050000	530000	80000	14.579498990456223	98.0%	0.07053941908713693	1.8290172185019085
18	56690001	56780000	18	56380001	56780000	400000	90000	17.305033829341205	98.0%	0.05446058091286307	1.8245315204235137
7	114890001	114950000	7	114890001	116060000	1170000	60000	10.261058072755743	99.0%	0.01970954356846473	1.8058312743644271
12	102320001	102410000	12	101970001	102410000	440000	90000	17.01797946791219	99.0%	0.011410788381742738	1.790852642852569
13	95530001	95620000	13	95530001	95990000	460000	90000	15.074911029464301	99.0%	0.09076763485477178	1.7832162331525048
2	174280001	174340000	2	174280001	174930000	650000	60000	11.683898913123883	99.0%	0.06742738589211618	1.760409170144787
6	103290001	103350000	6	103290001	103700000	410000	60000	14.667521213744154	99.0%	0.04149377593360996	1.742988407785524
4	87330001	87420000	4	87330001	88690000	1360000	90000	5.695853926103906	95.0%	0.07468879668049792	1.7369010711992858
9	30410001	30500000	9	30410001	31410000	1000000	90000	7.864626592185177	97.0%	0.029564315352697094	1.728351117976588
13	43690001	43760000	13	43330001	43760000	430000	70000	16.25515337956552	98.0%	0.05394190871369295	1.7256532957478765
10	95410001	95500000	10	94300001	95500000	1200000	90000	7.748623802918242	95.0%	0.08091286307053942	1.7189574763056648
2	11280001	11370000	2	11280001	11740000	460000	90000	15.658135556027949	98.0%	0.03163900414937759	1.7115604162838145
9	13840001	13930000	9	13840001	14760000	920000	90000	11.743716250233014	96.0%	0.051867219917012444	1.7016857035404975
15	84230001	84310000	15	84230001	84600000	370000	80000	20.15193164182623	99.0%	0.07261410788381743	1.6936127944515074
2	26590001	26680000	2	26590001	27240000	650000	90000	13.117739641734506	97.0%	0.008298755186721992	1.6920556276063368
4	116790001	116860000	4	116790001	117230000	440000	70000	16.157241628732937	99.0%	0.015560165975103735	1.690162324400886
16	19690001	19760000	16	19690001	20500000	810000	70000	8.30633081618039	97.0%	0.07157676348547717	1.6886171126234888
5	138820001	138900000	5	138820001	139380000	560000	80000	13.200861323586533	99.0%	0.030601659751037347	1.6879162178008809
3	75190001	75270000	3	75190001	76010000	820000	80000	7.685644765272346	95.0%	0.03578838174273859	1.6613875058081127
4	46970001	47060000	4	46400001	47060000	660000	90000	14.07150051350596	95.0%	0.04823651452282157	1.6578871175853893
5	104930001	105020000	5	104930001	105970000	1040000	90000	9.676062072249676	95.0%	0.07105809128630705	1.6260034707724371
7	92070001	92140000	7	92070001	92980000	910000	70000	8.135955214986051	99.0%	0.021784232365145227	1.595542992422613
15	82250001	82330000	15	82250001	82810000	560000	80000	11.506518479549209	98.0%	0.022821576763485476	1.5859820740788846
5	117080001	117150000	5	117080001	117400000	320000	70000	20.774985634741885	99.0%	0.01867219917012448	1.585235173380057
1	53010001	53100000	1	53010001	54000000	990000	90000	7.990068302863272	95.0%	0.052904564315352696	1.5622180741239293
11	52330001	52420000	11	51680001	52420000	740000	90000	15.704036071030645	99.0%	0.024896265560165973	1.544673615825682
6	134620001	134680000	6	134620001	135070000	450000	60000	15.401383823513187	99.0%	0.056016597510373446	1.535520086998036
18	12400001	12480000	18	11780001	12480000	700000	80000	9.437136448741528	98.0%	0.06535269709543567	1.5352937398844537
9	90150001	90240000	9	90150001	90810000	660000	90000	12.735937726687427	98.0%	0.020228215767634852	1.5326648416955757
7	80360001	80430000	7	80360001	80970000	610000	70000	19.495391176422597	97.0%	0.02074688796680498	1.5316393889773052
6	84060001	84140000	6	84060001	84730000	670000	80000	10.264220011683086	98.0%	0.032157676348547715	1.5233712659294671
3	53430001	53520000	3	51180001	53520000	2340000	90000	3.012680005347947	95.0%	0.09854771784232365	1.5047646975886357
6	33090001	33180000	6	32180001	33180000	1000000	90000	7.556024057330276	98.0%	0.03682572614107884	1.4820300913912248
17	8910001	8990000	17	8460001	8990000	530000	80000	14.44133034241009	97.0%	0.05394190871369295	1.474599779871231
3	107180001	107270000	3	107180001	107610000	430000	90000	15.550103296752521	98.0%	0.023858921161825725	1.4712488334208844
1	182080001	182160000	1	181750001	182160000	410000	80000	18.627346216270258	99.0%	0.04564315352697095	1.4683743431248406
11	58570001	58660000	11	57790001	58660000	870000	90000	9.831390056685718	97.0%	0.06327800829875518	1.4648759201166213
11	108350001	108440000	11	107850001	108440000	590000	90000	14.11055408070269	97.0%	0.012448132780082987	1.4458792830801188
5	36700001	36770000	5	35960001	36770000	810000	70000	13.571702394066554	95.0%	0.01867219917012448	1.4442504546219506
14	53030001	53120000	14	53030001	54320000	1290000	90000	3.3576084037046243	97.0%	0.07157676348547717	1.4366511988808663
16	4270001	4340000	16	4270001	4940000	670000	70000	10.790344721390088	97.0%	0.0508298755186722	1.4358252802732923
6	56800001	56890000	6	56800001	57500000	700000	90000	10.652123163163237	96.0%	0.02230290456431535	1.4338480768257493
11	20420001	20500000	11	20420001	20930000	510000	80000	18.42147022502279	99.0%	0.026970954356846474	1.4215883196844725
11	49070001	49140000	11	48750001	49140000	390000	70000	21.11149003332854	99.0%	0.002074688796680498	1.4095286564850613
12	54610001	54700000	12	54610001	55860000	1250000	90000	5.462544954757464	97.0%	0.03112033195020747	1.4033958440771868
7	98410001	98490000	7	98410001	99020000	610000	80000	16.717454873626146	95.0%	0.029045643153526972	1.399087241714522
1	162290001	162350000	1	161690001	162350000	660000	60000	10.8233214403485	99.0%	0.08091286307053941	1.3975975067999917
4	63070001	63160000	4	62780001	63160000	380000	90000	18.444061984498706	99.0%	0.04719917012448133	1.394557724556862
4	155060001	155120000	4	155060001	155870000	810000	60000	13.01299423419129	97.0%	0.06431535269709543	1.3869497898265926
4	115700001	115790000	4	115700001	116050000	350000	90000	15.182113146141948	98.0%	0.03319502074688797	1.3848173325368975
2	154910001	155000000	2	154910001	155440000	530000	90000	14.7631364289756	99.0%	0.016597510373443983	1.3839635914240176
6	135320001	135410000	6	134610001	135410000	800000	90000	12.122548961244885	95.0%	0.04408713692946058	1.3762110218871813
11	22960001	23050000	11	22960001	23490000	530000	90000	14.837595009288979	97.0%	0.015560165975103735	1.373845779525392
8	86020001	86110000	8	85480001	86110000	630000	90000	11.866929116346792	95.0%	0.08817427385892117	1.3599256698169266
4	129300001	129390000	4	129300001	129800000	500000	90000	16.147217381746966	98.0%	0.050311203319502076	1.3515645537751564
1	64390001	64470000	1	63670001	64470000	800000	80000	12.77510549538915	98.0%	0.013485477178423237	1.3493113945581552
15	86220001	86300000	15	86220001	87280000	1060000	80000	7.2466165186012965	96.0%	0.03112033195020747	1.3485659078588976
2	126980001	127040000	2	126570001	127040000	470000	60000	13.664035033914947	99.0%	0.056016597510373446	1.346216392556868
12	12910001	13000000	12	12240001	13000000	760000	90000	10.519060270672883	95.0%	0.0720954356846473	1.34538783754416
3	121270001	121340000	3	121270001	121790000	520000	70000	14.139882363722961	99.0%	0.06639004149377593	1.3304085016836988
17	80150001	80220000	17	79580001	80220000	640000	70000	14.245054460712408	98.0%	0.025933609958506222	1.3196851713928104
7	110590001	110680000	7	109940001	110680000	740000	90000	9.67873225884747	98.0%	0.043568464730290454	1.3094284226401203
16	48900001	48980000	16	48180001	48980000	800000	80000	7.941699138365145	97.0%	0.0954356846473029	1.3026484892259202
8	22160001	22250000	8	22160001	22910000	750000	90000	10.337000399505298	98.0%	0.03630705394190872	1.2909724547072436
2	59510001	59590000	2	59510001	60210000	700000	80000	10.928193472714604	98.0%	0.04253112033195021	1.2902950518990661
2	173770001	173860000	2	173770001	174290000	520000	90000	14.720946150254422	98.0%	0.026452282157676348	1.2852883550257443
14	57360001	57450000	14	57360001	57960000	600000	90000	10.472798166013199	97.0%	0.0679460580912863	1.2775279190618576
4	121980001	122070000	4	121280001	122070000	790000	90000	6.090277277103178	96.0%	0.02074688796680498	1.2582373489744343
1	175850001	175930000	1	175570001	175930000	360000	80000	14.964296134752889	99.0%	0.04408713692946058	1.2416899056700295
5	137110001	137180000	5	137110001	137500000	390000	70000	20.293246302332395	99.0%	0.00933609958506224	1.2403244336738724
14	60490001	60560000	14	60490001	61490000	1000000	70000	7.744509391613815	95.0%	0.08921161825726141	1.2256109697641235
3	54320001	54400000	3	54320001	54870000	550000	80000	9.871246225168328	98.0%	0.05394190871369295	1.2240193631768734
11	89270001	89340000	11	88870001	89340000	470000	70000	15.513327785391255	97.0%	0.06742738589211618	1.2213349434254839
5	147820001	147910000	5	147310001	147910000	600000	90000	10.79733031198834	99.0%	0.03319502074688797	1.2192486224794803
4	101970001	102040000	4	101330001	102040000	710000	70000	6.832526192672328	98.0%	0.05912863070539419	1.1999038987601036
18	67430001	67500000	18	67430001	67900000	470000	70000	13.196420916442005	99.0%	0.03112033195020747	1.1608348453574568
14	59590001	59660000	14	59590001	60030000	440000	70000	13.427743784121933	99.0%	0.08973029045643154	1.1505747853464743
1	90600001	90690000	1	90600001	91350000	750000	90000	11.062377706592422	96.0%	0.05186721991701245	1.1488819450067556
9	41210001	41270000	9	41210001	42300000	1090000	60000	7.08930418628982	98.0%	0.05186721991701245	1.1371683726212365
1	151670001	151760000	1	151010001	151760000	750000	90000	10.227611568021935	96.0%	0.052904564315352696	1.1349091954349928
8	69870001	69960000	8	69870001	70250000	380000	90000	22.39608779873021	99.0%	0.058609958506224066	1.1322519296621905
17	21220001	21290000	17	21220001	21590000	370000	70000	16.1138869075344	99.0%	0.011410788381742738	1.1291168033050925
6	59140001	59210000	6	58540001	59210000	670000	70000	9.357092509736734	99.0%	0.03008298755186722	1.1279282174427223
11	62700001	62790000	11	62700001	63170000	470000	90000	16.056891718425153	97.0%	0.023858921161825725	1.1155303806327128
15	103870001	103920000	15	103390001	103920000	530000	50000	9.983676832471337	96.0%	0.0487551867219917	1.082841010660863
2	71540001	71630000	2	71540001	72030000	490000	90000	19.400023321062836	99.0%	0.012448132780082987	1.0631817087247173
15	38670001	38740000	15	38670001	39230000	560000	70000	10.6116604785232	98.0%	0.01867219917012448	1.0603514971903205
9	121240001	121300000	9	121240001	121700000	460000	60000	21.41214760570011	98.0%	0.014522821576763486	1.0540903934102064
13	62870001	62960000	13	62870001	64090000	1220000	90000	7.822511916386566	95.0%	0.05757261410788382	1.0488562028265611
3	30560001	30640000	3	30560001	31150000	590000	80000	10.140929818621832	99.0%	0.05394190871369295	1.0449132774317842
19	56300001	56370000	19	56300001	56790000	490000	70000	13.805836626615164	97.0%	0.08298755186721991	1.0436379653535843
1	130500001	130580000	1	130500001	131280000	780000	80000	9.002732894545032	98.0%	0.06950207468879668	1.0430846513015988
1	183040001	183100000	1	183040001	184210000	1170000	60000	8.88754998901967	95.0%	0.06016597510373444	1.041178268545681
13	109190001	109280000	13	109190001	109980000	790000	90000	9.517509227176184	95.0%	0.06742738589211618	1.0382043496559235
2	167870001	167940000	2	167500001	167940000	440000	70000	20.696191550147013	99.0%	0.03890041493775934	1.0329039294560831
3	97890001	97970000	3	97890001	98340000	450000	80000	14.265465832763507	99.0%	0.07883817427385892	1.027864033508969
17	43230001	43300000	17	43230001	43670000	440000	70000	12.244524146362451	96.0%	0.06950207468879668	1.0227752549345024
6	86090001	86170000	6	86090001	86720000	630000	80000	11.233270558464223	97.0%	0.06016597510373444	1.019387258067337
8	114730001	114820000	8	114730001	115260000	530000	90000	13.889899201527907	98.0%	0.04564315352697095	1.0128462124471032
14	120810001	120870000	14	120810001	121300000	490000	60000	10.29170508390377	99.0%	0.07883817427385892	1.0061784438659462
9	55870001	55950000	9	55390001	55950000	560000	80000	10.168964710744477	97.0%	0.05394190871369295	1.0046574618711224
5	141950001	142030000	5	141950001	142460000	510000	80000	14.219105872854822	98.0%	0.06639004149377593	0.9994144095333468
10	110740001	110830000	10	110740001	111310000	570000	90000	10.061115794669448	98.0%	0.046680497925311204	0.9875402990927714
1	160050001	160140000	1	159580001	160140000	560000	90000	13.395685408790468	99.0%	0.018153526970954355	0.9837894649097505
1	97660001	97740000	1	97010001	97740000	730000	80000	10.239440747130914	96.0%	0.032157676348547715	0.9687987904670932
19	8530001	8610000	19	8530001	8980000	450000	80000	15.861447240279183	96.0%	0.03423236514522822	0.9579014409589209
1	94000001	94090000	1	93190001	94090000	900000	90000	8.019239871173383	96.0%	0.02230290456431535	0.954458672163336
3	107150001	107230000	3	106000001	107230000	1230000	80000	7.782198391146569	97.0%	0.07365145228215768	0.9497407991050222
13	60750001	60840000	13	60750001	61260000	510000	90000	11.082490345148715	96.0%	0.03734439834024896	0.9475529815873198
18	40000001	40070000	18	39120001	40070000	950000	70000	10.30580214062183	99.0%	0.06846473029045644	0.9432262556463352
5	105300001	105370000	5	104000001	105370000	1370000	70000	6.485743802848084	95.0%	0.043568464730290454	0.9420142261921176
4	19680001	19750000	4	19680001	20060000	380000	70000	18.345920685097205	99.0%	0.05394190871369295	0.9359830185763937
11	63110001	63200000	11	62700001	63200000	500000	90000	14.09287783088446	98.0%	0.016078838174273857	0.9312220634687118
1	152500001	152560000	1	152500001	153530000	1030000	60000	7.459772949239852	98.0%	0.043568464730290454	0.923804419476059
13	98830001	98900000	13	98830001	99350000	520000	70000	14.08868206417589	96.0%	0.08091286307053941	0.9208702709763027
8	85250001	85320000	8	84830001	85320000	490000	70000	10.693372867017908	98.0%	0.07883817427385892	0.918006858580536
18	6670001	6750000	18	6670001	7630000	960000	80000	6.8094885780299705	98.0%	0.08143153526970955	0.9162402501059698
6	142500001	142590000	6	142500001	143180000	680000	90000	12.721484673762438	98.0%	0.029045643153526972	0.9132383366251178
2	160550001	160620000	2	159850001	160620000	770000	70000	10.44448984744795	99.0%	0.07883817427385892	0.9117084420630738
17	32460001	32550000	17	32460001	33090000	630000	90000	10.969579275730739	96.0%	0.011410788381742738	0.9092700508842648
17	83000001	83070000	17	83000001	83900000	900000	70000	7.171182996540693	97.0%	0.05912863070539419	0.9083784964034761
1	170840001	170930000	1	170840001	171470000	630000	90000	10.71065844867518	96.0%	0.032157676348547715	0.90212893785557
9	118030001	118100000	9	118030001	119080000	1050000	70000	7.81698948834012	95.0%	0.06535269709543569	0.8989604948295491
7	39420001	39500000	7	39420001	40070000	650000	80000	8.431569069560869	96.0%	0.025933609958506226	0.89448899951301
13	19110001	19200000	13	19110001	20580000	1470000	90000	4.776623661705769	95.0%	0.029045643153526972	0.8860625654819028
2	84420001	84500000	2	84420001	85080000	660000	80000	10.646376197791568	95.0%	0.04304979253112033	0.8804435429566198
1	127470001	127530000	1	127470001	128340000	870000	60000	7.633246319934192	97.0%	0.032157676348547715	0.8765537528119821
7	106220001	106310000	7	106220001	107100000	880000	90000	3.6604202975264664	98.0%	0.01504149377593361	0.8764558709685075
17	79980001	80060000	17	79650001	80060000	410000	80000	18.649583424059585	99.0%	0.02074688796680498	0.8721124174270485
1	164120001	164210000	1	163490001	164210000	720000	90000	11.85499664113557	95.0%	0.08713692946058091	0.8696685769752714
1	177930001	178020000	1	177930001	178480000	550000	90000	8.264268811013512	98.0%	0.02074688796680498	0.8660080634375933
13	3870001	3960000	13	3500001	3960000	460000	90000	13.875105860208215	97.0%	0.047717842323651456	0.8643744780846482
14	60760001	60840000	14	60760001	61440000	680000	80000	8.132144641125116	97.0%	0.0700207468879668	0.8642463459046121
11	95750001	95830000	11	95750001	96240000	490000	80000	18.407120549735197	97.0%	0.05705394190871369	0.8611260574246705
9	34970001	35060000	9	34970001	35470000	500000	90000	15.390828655761673	97.0%	0.013485477178423237	0.849552065524941
11	87480001	87560000	11	87160001	87560000	400000	80000	20.848511033940994	99.0%	0.02645228215767635	0.842614754722162
12	117970001	118040000	12	117970001	118940000	970000	70000	7.785353640172351	98.0%	0.05705394190871369	0.8348477850159652
18	80790001	80850000	18	80790001	81790000	1000000	60000	9.103333564397262	99.0%	0.06431535269709543	0.8312259772634101
10	117160001	117250000	10	116670001	117250000	580000	90000	13.26030177485215	95.0%	0.09180497925311204	0.8124768210444514
9	118540001	118630000	9	118540001	119210000	670000	90000	13.174732134612894	98.0%	0.0508298755186722	0.8077516378393439
11	20780001	20850000	11	20780001	21340000	560000	70000	17.06126866841314	99.0%	0.08195020746887967	0.8019446697378149
7	39160001	39220000	7	39160001	41310000	2150000	60000	1.0833412693510238	97.0%	0.03941908713692946	0.8006197767746732
5	75110001	75200000	5	74300001	75200000	900000	90000	8.779452985363404	98.0%	0.08506224066390042	0.7957451415571609
13	36240001	36330000	13	36240001	37010000	770000	90000	9.313685521906688	98.0%	0.06742738589211618	0.7933217834790794
6	67680001	67750000	6	66970001	67750000	780000	70000	4.124428909547011	98.0%	0.030601659751037347	0.7786241114723939
15	27290001	27360000	15	27290001	27850000	560000	70000	9.95336179393532	98.0%	0.07365145228215766	0.776881868905908
2	13240001	13320000	2	13240001	14280000	1040000	80000	9.022556969567562	97.0%	0.03786307053941909	0.7646416187460521
17	23930001	24020000	17	23700001	24020000	320000	90000	17.38520246325262	96.0%	0.042012448132780086	0.7639934124793615
6	5340001	5420000	6	4880001	5420000	540000	80000	11.344197388185675	99.0%	0.029045643153526972	0.762844459863687
2	155050001	155110000	2	155050001	155610000	560000	60000	13.692929255119138	98.0%	0.025933609958506222	0.7312383946416176
5	41730001	41810000	5	40950001	41810000	860000	80000	7.311782473333625	97.0%	0.04823651452282157	0.7299743866059443
2	168600001	168690000	2	168230001	168690000	460000	90000	14.721283999347788	98.0%	0.030601659751037343	0.7276588739084872
4	113380001	113450000	4	113380001	114960000	1580000	70000	2.193838688152756	96.0%	0.06587136929460581	0.725907997995347
11	79890001	79980000	11	79210001	79980000	770000	90000	10.763694510529934	96.0%	0.09854771784232365	0.7200690033500865
12	81940001	82010000	12	81940001	82510000	570000	70000	10.201803248056352	97.0%	0.023858921161825725	0.7136415651609279
7	67180001	67270000	7	67180001	68390000	1210000	90000	8.701611252156672	96.0%	0.09024896265560166	0.7103760561925403
4	59330001	59410000	4	59330001	59880000	550000	80000	16.60675333333574	99.0%	0.0487551867219917	0.6996189707187616
7	23750001	23840000	7	23290001	23840000	550000	90000	9.588945127251055	98.0%	0.029045643153526972	0.6898403572163356
18	56300001	56390000	18	56300001	57140000	840000	90000	8.608939076494956	97.0%	0.05912863070539419	0.6690183900568459
18	73590001	73660000	18	72060001	73660000	1600000	70000	4.167087157609447	95.0%	0.09699170124481327	0.6288948376788339
9	88210001	88290000	9	88210001	88780000	570000	80000	13.034027517705173	97.0%	0.08713692946058091	0.6167793795079574
7	78900001	78970000	7	78900001	79450000	550000	70000	12.64669269769449	98.0%	0.07365145228215768	0.6020739924265628
1	119060001	119130000	1	119060001	119930000	870000	70000	7.939807021762715	98.0%	0.061203319502074686	0.5929513522211378
2	43660001	43750000	2	43660001	44360000	700000	90000	10.44632649431927	97.0%	0.09336099585062241	0.5817483209666714
13	68540001	68630000	13	66910001	68630000	1720000	90000	2.702193450448284	95.0%	0.02852697095435685	0.5803123588751593
19	53360001	53430000	19	53360001	53830000	470000	70000	17.866547959738604	98.0%	0.044605809128630707	0.569488558772473
16	95290001	95380000	16	94760001	95380000	620000	90000	11.580125064773235	95.0%	0.09854771784232366	0.5678957239960043
1	51610001	51690000	1	51610001	52110000	500000	80000	10.690347449973588	99.0%	0.0720954356846473	0.560001359889272
2	140360001	140450000	2	139930001	140450000	520000	90000	9.1046128638072	97.0%	0.08246887966804979	0.553052851748979
3	69210001	69290000	3	69210001	69750000	540000	80000	11.697414522779658	96.0%	0.07261410788381742	0.5494265382148859
4	154030001	154120000	4	154030001	154740000	710000	90000	8.94757576243555	95.0%	0.09854771784232365	0.5419705232764628
12	88170001	88260000	12	88170001	89280000	1110000	90000	3.247019374558102	95.0%	0.08713692946058091	0.5407128880688209
13	30870001	30930000	13	30870001	31660000	790000	60000	8.308320033521781	98.0%	0.04564315352697095	0.5374098995943828
2	166550001	166630000	2	166550001	166990000	440000	80000	23.017843198085703	99.0%	0.023858921161825725	0.537153508308358
4	98660001	98740000	4	97470001	98740000	1270000	80000	7.000943096285823	95.0%	0.0954356846473029	0.5315466601716906
5	73390001	73460000	5	73390001	73960000	570000	70000	11.993958375396895	98.0%	0.08298755186721991	0.52884834130944
4	136200001	136280000	4	136200001	137260000	1060000	80000	8.40936381072681	95.0%	0.06742738589211618	0.5275506843923641
12	80130001	80200000	12	80130001	80730000	600000	70000	13.822170540003352	99.0%	0.01970954356846473	0.5214085520868038
17	25260001	25330000	17	24900001	25330000	430000	70000	16.84600423408306	99.0%	0.03941908713692946	0.5092718366725008
10	111470001	111530000	10	111470001	111980000	510000	60000	14.571531100083165	99.0%	0.04149377593360996	0.5026908760454604
6	11750001	11830000	6	11750001	12280000	530000	80000	8.626415679157626	98.0%	0.052904564315352696	0.491959516661058
11	3630001	3710000	11	3210001	3710000	500000	80000	17.5509415032573	98.0%	0.06535269709543567	0.4788213058036105
9	117030001	117120000	9	117030001	117490000	460000	90000	16.372791679203296	99.0%	0.032157676348547715	0.47663606797873137
3	87500001	87570000	3	87500001	88220000	720000	70000	9.340606424890396	97.0%	0.07987551867219916	0.4738891935671227
19	39280001	39330000	19	39280001	39700000	420000	50000	12.023173902479451	97.0%	0.038381742738589214	0.465971450187389
7	68790001	68870000	7	68550001	68870000	320000	80000	16.649542869245792	99.0%	0.07520746887966805	0.45578539612856045
17	14880001	14960000	17	14880001	15860000	980000	80000	6.339728930019317	98.0%	0.06587136929460581	0.45179851948071026
10	53320001	53410000	10	53320001	54080000	760000	90000	8.379361220493017	95.0%	0.06846473029045644	0.4488920770441812
17	13450001	13510000	17	13450001	13900000	450000	60000	9.482592142837758	97.0%	0.06639004149377593	0.4404104679696037
8	106380001	106460000	8	106380001	107110000	730000	80000	9.532003866064208	95.0%	0.046680497925311204	0.4392894839353053
6	66500001	66580000	6	66500001	67540000	1040000	80000	5.4282861796267055	98.0%	0.09595435684647302	0.4375983020955861
2	78930001	78990000	2	78930001	79530000	600000	60000	12.99171179092145	99.0%	0.03630705394190871	0.4369015335544234
2	180740001	180820000	2	180310001	180820000	510000	80000	14.589962435013055	99.0%	0.03008298755186722	0.41736362347826683
9	88690001	88780000	9	88120001	88780000	660000	90000	4.687723316424913	97.0%	0.07313278008298756	0.4169043556915714
7	73980001	74060000	7	73980001	74780000	800000	80000	9.225286372944202	97.0%	0.06535269709543569	0.3931801011734317
7	39170001	39250000	7	37050001	39250000	2200000	80000	1.2168117908033143	95.0%	0.08246887966804979	0.3896010003579499
17	55660001	55740000	17	55660001	56170000	510000	80000	8.344107597869126	96.0%	0.043568464730290454	0.3882235497549903
2	139570001	139620000	2	139570001	140260000	690000	50000	10.033861498333696	99.0%	0.05394190871369295	0.385663909086348
13	3640001	3710000	13	3640001	4010000	370000	70000	16.04727872097622	98.0%	0.022821576763485476	0.3835866630300201
15	81400001	81490000	15	81400001	82200000	800000	90000	13.514339142907879	96.0%	0.06846473029045644	0.37470750919068124
7	4090001	4180000	7	4090001	5120000	1030000	90000	9.432923278983182	96.0%	0.023858921161825725	0.3727367061157846
1	55380001	55470000	1	55380001	55870000	490000	90000	13.472229110232904	97.0%	0.07572614107883817	0.3688051068979687
11	22600001	22680000	11	22600001	23690000	1090000	80000	10.67902785161833	97.0%	0.032157676348547715	0.36503611357455784
6	69140001	69200000	6	68500001	69200000	700000	60000	4.024461641730542	96.0%	0.08817427385892115	0.36468428293501504
18	74760001	74850000	18	74760001	75580000	820000	90000	9.052230920168105	97.0%	0.07313278008298754	0.3639321584085249
16	17260001	17320000	16	16860001	17320000	460000	60000	15.65176233190524	95.0%	0.09284232365145229	0.3626097674658027
7	143690001	143770000	7	143010001	143770000	760000	80000	14.243621357520833	96.0%	0.053423236514522826	0.36173761913750213
13	91870001	91960000	13	91870001	92580000	710000	90000	8.776734404548684	96.0%	0.0487551867219917	0.3590290870154487
5	145600001	145690000	5	145600001	146120000	520000	90000	8.652212561989058	96.0%	0.04771784232365145	0.358285765122823
1	84870001	84960000	1	84400001	84960000	560000	90000	9.767844242391632	98.0%	0.027489626556016597	0.35178079507805454
12	81150001	81230000	12	80720001	81230000	510000	80000	13.403816563538356	95.0%	0.07883817427385892	0.34100273568960154
4	57860001	57950000	4	57360001	57950000	590000	90000	14.396225768617898	96.0%	0.06327800829875518	0.3322587191701741
2	147150001	147220000	2	146610001	147220000	610000	70000	11.37836483284064	98.0%	0.04564315352697095	0.32078544857086594
12	51360001	51440000	12	51360001	51790000	430000	80000	10.587465048564939	98.0%	0.06535269709543569	0.3073027379917509
15	96460001	96550000	15	96460001	97240000	780000	90000	11.076294251894243	95.0%	0.09284232365145229	0.30674062686078407
11	49110001	49200000	11	49110001	49600000	490000	90000	15.213526194176588	96.0%	0.03630705394190872	0.2952685736674483
15	66890001	66970000	15	66890001	68250000	1360000	80000	7.013037553113554	95.0%	0.07520746887966805	0.2918445491440872
13	9860001	9940000	13	9860001	11100000	1240000	80000	5.955634988644751	96.0%	0.08869294605809129	0.290436760958876
12	17210001	17300000	12	16790001	17300000	510000	90000	12.932559091049015	97.0%	0.08609958506224066	0.28213345511184224
15	51890001	51960000	15	51890001	52470000	580000	70000	8.983269678274397	97.0%	0.05134854771784232	0.26659653214198514
12	15780001	15860000	12	15780001	16380000	600000	80000	15.350249172863398	99.0%	0.037863070539419084	0.2627600795382039
8	55390001	55480000	8	55390001	56150000	760000	90000	4.606202592411332	95.0%	0.07468879668049792	0.26033363821159794
7	59610001	59690000	7	59610001	60340000	730000	80000	5.339496832514127	98.0%	0.06950207468879668	0.2599921653882979
3	113530001	113590000	3	113530001	114090000	560000	60000	6.041855408820914	95.0%	0.060684647302904564	0.24838907319099768
1	21370001	21460000	1	21370001	22520000	1150000	90000	8.437248666743837	96.0%	0.06846473029045644	0.23459617536794483
6	123900001	123990000	6	123900001	124520000	620000	90000	7.548549345550124	96.0%	0.09387966804979253	0.23294551262304836
6	127490001	127570000	6	127490001	127970000	480000	80000	12.396482297811488	98.0%	0.0700207468879668	0.22600720257781348
6	69300001	69390000	6	68250001	69390000	1140000	90000	3.685973703622211	96.0%	0.033713692946058096	0.20842246268682665
9	89250001	89330000	9	89250001	89670000	420000	80000	13.796447668870837	99.0%	0.048755186721991695	0.20571625943391877
12	78170001	78250000	12	78170001	79190000	1020000	80000	6.012115382516063	97.0%	0.09128630705394192	0.20494733376030816
11	41010001	41080000	11	41010001	41480000	470000	70000	9.323790647058512	96.0%	0.061203319502074686	0.19107577849266552
15	80260001	80330000	15	80260001	80980000	720000	70000	17.55181377054737	97.0%	0.07313278008298756	0.18695564111886995
11	43760001	43830000	11	43760001	44470000	710000	70000	10.741119857100694	97.0%	0.09854771784232365	0.18402966318526595
2	160850001	160920000	2	160390001	160920000	530000	70000	14.236656750379868	99.0%	0.06742738589211618	0.1768444356528816
4	154980001	155070000	4	154300001	155070000	770000	90000	12.041495860533493	95.0%	0.07676348547717843	0.16772032565571568
12	55270001	55360000	12	55270001	55840000	570000	90000	14.378887819792238	98.0%	0.015560165975103735	0.1632742949443917
2	116870001	116930000	2	116870001	117650000	780000	60000	9.11600204300983	98.0%	0.07935684647302904	0.1585014591239448
17	26430001	26510000	17	26430001	26890000	460000	80000	18.23934922446954	99.0%	0.038381742738589214	0.15362229390841747
13	22820001	22880000	13	22820001	23200000	380000	60000	11.401775487273284	98.0%	0.052904564315352696	0.12718836987896587
3	98560001	98650000	3	97800001	98650000	850000	90000	3.4305663200495555	95.0%	0.052904564315352696	0.12338007789086504
8	123450001	123530000	8	123450001	124000000	550000	80000	13.669122794588205	97.0%	0.0487551867219917	0.11767693999224446
14	31340001	31410000	14	31340001	31830000	490000	70000	18.646645870012414	98.0%	0.056016597510373446	0.11138314535037296
10	86450001	86530000	10	86450001	86910000	460000	80000	10.72181998805151	97.0%	0.06794605809128632	0.10929900711766305
9	55000001	55070000	9	55000001	55390000	390000	70000	15.648189807864599	98.0%	0.0975103734439834	0.10922730672191334
11	53970001	54030000	11	53970001	54600000	630000	60000	13.695192155552398	95.0%	0.03630705394190872	0.09795064018577701
9	42320001	42410000	9	42320001	42790000	470000	90000	15.393187060567394	99.0%	0.06846473029045644	0.0814306126685474
10	25670001	25740000	10	25670001	26900000	1230000	70000	5.973641330286556	97.0%	0.08921161825726141	0.07662071714003006
4	109450001	109520000	4	109450001	109940000	490000	70000	12.132376235417977	98.0%	0.07261410788381743	0.06476699346378721
18	15530001	15600000	18	14590001	15600000	1010000	70000	8.317160724943049	98.0%	0.09024896265560166	0.039072261332880144
2	146610001	146670000	2	146610001	147140000	530000	60000	9.617322999733899	96.0%	0.08921161825726141	0.036282847224723795
12	80960001	81040000	12	80960001	81640000	680000	80000	10.476022377141055	95.0%	0.07053941908713693	0.026708553777687563
15	73180001	73230000	15	72520001	73230000	710000	50000	10.459871442614205	99.0%	0.03734439834024896	0.023481479024275997
10	61140001	61230000	10	61140001	61590000	450000	90000	15.816303866006718	96.0%	0.08298755186721991	0.022562837519923065
8	35400001	35490000	8	33890001	35490000	1600000	90000	8.546994697406664	95.0%	0.09958506224066391	0.02170185552178078
15	77730001	77790000	15	77730001	78330000	600000	60000	14.31601261080071	96.0%	0.07572614107883818	0.019653565912339906
1	34180001	34270000	1	34180001	34610000	430000	90000	14.745669453120652	99.0%	0.08195020746887967	0.014676444201116766
6	35490001	35580000	6	34730001	35580000	850000	90000	6.122067088796298	95.0%	0.09854771784232365	0.0031577410037890996
3	84310001	84380000	3	84310001	84980000	670000	70000	9.23462985927793	98.0%	0.0954356846473029	0.000413004778843274
13	96410001	96480000	13	96410001	96900000	490000	70000	12.942918019953476	96.0%	0.07468879668049792	-5.314472239006177e-05
13	68010001	68110000	13	68010001	68860000	850000	100000	4.451193285062178	96.0%	0.04149377593360996	-0.004100322201656838
5	61700001	61770000	5	61700001	62120000	420000	70000	12.87188606715886	98.0%	0.054979253112033194	-0.007102651224073987
1	154760001	154840000	1	154760001	155290000	530000	80000	10.686409576498466	98.0%	0.07157676348547717	-0.010957040978349838
6	108730001	108820000	6	108730001	109500000	770000	90000	8.847531791115285	97.0%	0.04979253112033195	-0.011243742703316855
7	106220001	106290000	7	105260001	106290000	1030000	70000	2.4209389524838847	95.0%	0.05912863070539419	-0.024795811425209036
6	65100001	65180000	6	65100001	65990000	890000	80000	6.3765731106175085	97.0%	0.0975103734439834	-0.03249424424494383
14	121250001	121320000	14	121250001	121780000	530000	70000	14.85601343594366	96.0%	0.07468879668049792	-0.051766353685415524
15	8930001	9010000	15	8930001	9600000	670000	80000	6.922430697861573	95.0%	0.09232365145228216	-0.07296399464658304
7	104170001	104260000	7	104170001	104600000	430000	90000	12.292652176158784	99.0%	0.029045643153526972	-0.07349047813751608
19	45710001	45770000	19	45220001	45770000	550000	60000	16.942095327857658	97.0%	0.07053941908713693	-0.07622420055390272
8	4470001	4540000	8	4140001	4540000	400000	70000	17.00115732216349	99.0%	0.04719917012448133	-0.09081288619507098
9	108950001	109040000	9	108950001	109720000	770000	90000	9.695758525543305	95.0%	0.09439834024896265	-0.0917970070269664
3	102670001	102740000	3	102670001	103180000	510000	70000	12.303306405960035	98.0%	0.058091286307053944	-0.10393957163088749
18	56580001	56660000	18	56580001	57350000	770000	80000	10.331623773056588	97.0%	0.04045643153526971	-0.1067426596970246
11	31220001	31280000	11	30610001	31280000	670000	60000	8.56206277187826	99.0%	0.013485477178423237	-0.10921006988477541
2	163300001	163360000	2	162910001	163360000	450000	60000	17.529670358680946	99.0%	0.0508298755186722	-0.1193039353436565
10	96600001	96670000	10	96600001	96970000	370000	70000	20.785771218201997	99.0%	0.023858921161825725	-0.12033554303798741
16	44460001	44550000	16	44460001	45100000	640000	90000	10.062291482238312	97.0%	0.05394190871369295	-0.13024016180852954
2	11250001	11340000	2	10760001	11340000	580000	90000	13.973165791728382	98.0%	0.07365145228215768	-0.14746387882026257
14	120220001	120280000	14	120220001	120810000	590000	60000	11.667450642185413	98.0%	0.0954356846473029	-0.15579780621656972
5	44240001	44320000	5	43820001	44320000	500000	80000	15.237314793619142	99.0%	0.09802904564315353	-0.16054686466525067
10	15490001	15550000	10	14770001	15550000	780000	60000	5.329588754965575	96.0%	0.09595435684647302	-0.16999247108524584
13	111740001	111820000	13	111740001	112620000	880000	80000	12.23012108072038	97.0%	0.061721991701244816	-0.17368992418214413
6	146950001	147040000	6	146950001	147780000	830000	90000	8.697777269379777	95.0%	0.07157676348547717	-0.17467909743537463
6	91850001	91930000	6	91850001	92290000	440000	80000	12.207838497062282	97.0%	0.09024896265560166	-0.17525524702348225
8	104910001	105000000	8	104660001	105000000	340000	90000	14.474826910836109	97.0%	0.032157676348547715	-0.18907191935637072
10	25220001	25300000	10	25220001	26480000	1260000	80000	6.4695961401231195	96.0%	0.07572614107883818	-0.19068218645493779
8	94280001	94370000	8	94280001	94950000	670000	90000	12.888774177106647	96.0%	0.08402489626556017	-0.19227227436259153
10	118130001	118210000	10	118130001	119370000	1240000	80000	5.149664868037613	95.0%	0.05134854771784232	-0.19334535978254414
1	136520001	136610000	1	136520001	137240000	720000	90000	11.838607927688175	95.0%	0.09958506224066391	-0.21314057280406623
1	133570001	133660000	1	133130001	133660000	530000	90000	16.497123496552778	98.0%	0.06846473029045644	-0.2276432183878503
1	88700001	88790000	1	88130001	88790000	660000	90000	12.745813426816378	97.0%	0.07728215767634855	-0.2333562207104631
10	94180001	94260000	10	94180001	94600000	420000	80000	14.880116940101262	99.0%	0.042012448132780086	-0.24336255602394585
2	169820001	169910000	2	169040001	169910000	870000	90000	8.118129988869972	98.0%	0.09854771784232365	-0.2512572520114957
2	132680001	132760000	2	132290001	132760000	470000	80000	15.573083610682145	98.0%	0.05394190871369295	-0.2597501659669093
17	84800001	84860000	17	84800001	85480000	680000	60000	11.545075904112041	97.0%	0.08298755186721993	-0.28914151249562287
17	69450001	69520000	17	69150001	69520000	370000	70000	12.941873034799787	98.0%	0.08817427385892117	-0.2892971958239691
17	8580001	8670000	17	8580001	9040000	460000	90000	14.484922100884868	97.0%	0.024896265560165977	-0.31005939082885803
9	50980001	51070000	9	50490001	51070000	580000	90000	14.839831704999852	96.0%	0.040975103734439834	-0.32134086041818893
17	6400001	6480000	17	6400001	7070000	670000	80000	5.205285036295236	97.0%	0.09024896265560166	-0.32649553298573936
3	92300001	92370000	3	91900001	92370000	470000	70000	7.256512507546532	97.0%	0.052904564315352696	-0.334428287765042
7	47730001	47820000	7	47730001	48300000	570000	90000	6.636209571758413	97.0%	0.07365145228215768	-0.3390311560286437
14	53330001	53400000	14	53330001	54630000	1300000	70000	5.080545843901286	99.0%	0.07676348547717843	-0.3424386721360809
17	30950001	31040000	17	30950001	31800000	850000	90000	10.82079766861395	97.0%	0.07780082987551867	-0.3435825431472987
9	77990001	78080000	9	77580001	78080000	500000	90000	15.934152888541977	96.0%	0.09699170124481327	-0.3448545300968626
6	130190001	130270000	6	129380001	130270000	890000	80000	6.301562071883815	95.0%	0.01037344398340249	-0.35064535304826355
16	8470001	8530000	16	8470001	8860000	390000	60000	16.79644876782299	99.0%	0.06742738589211618	-0.35095314297313124
9	52920001	52990000	9	52630001	52990000	360000	70000	13.467930846971752	96.0%	0.061721991701244816	-0.3665584688889349
15	7170001	7260000	15	6850001	7260000	410000	90000	14.511335851645908	97.0%	0.06742738589211618	-0.38168334061401293
18	24260001	24350000	18	24260001	24660000	400000	90000	14.18402155254784	97.0%	0.06224066390041494	-0.4035301101790545
17	35260001	35350000	17	35260001	35800000	540000	90000	14.399837446807176	96.0%	0.026452282157676348	-0.4079485739570459
18	61980001	62070000	18	61980001	62700000	720000	90000	9.86820929302467	95.0%	0.09906639004149377	-0.4222449156783175
6	119160001	119250000	6	119160001	120400000	1240000	90000	6.349579268563813	97.0%	0.08246887966804979	-0.4252880555105798
4	87760001	87820000	4	87760001	88560000	800000	60000	10.442841698519134	97.0%	0.07935684647302904	-0.45752282190078475
19	11310001	11400000	19	11310001	12020000	710000	90000	11.65030838705888	96.0%	0.07572614107883817	-0.4636096711335427
13	61720001	61810000	13	61720001	62450000	730000	90000	2.087089063015	95.0%	0.07365145228215768	-0.47251007691826874
1	6360001	6430000	1	6360001	7180000	820000	70000	8.627967425945746	98.0%	0.08506224066390042	-0.483929686405206
11	106380001	106450000	11	106380001	106980000	600000	70000	18.491800069205528	98.0%	0.0508298755186722	-0.48567297783852065
11	117330001	117400000	11	116820001	117400000	580000	70000	21.270440110753707	96.0%	0.07520746887966805	-0.4891163421682507
4	73930001	74020000	4	73280001	74020000	740000	90000	5.381151759500128	98.0%	0.09802904564315353	-0.518183211431495
5	45720001	45810000	5	45720001	46240000	520000	90000	12.2445413337797	98.0%	0.06898340248962656	-0.5263428864665313
6	114650001	114730000	6	114330001	114730000	400000	80000	11.113844933815429	98.0%	0.08817427385892115	-0.5363157194516519
12	40420001	40490000	12	39980001	40490000	510000	70000	11.525291538347322	95.0%	0.03319502074688797	-0.5369579374871915
9	41170001	41260000	9	40540001	41260000	720000	90000	11.474693850491494	97.0%	0.08661825726141079	-0.5398334492693224
11	30080001	30160000	11	30080001	30960000	880000	80000	10.084909110246382	96.0%	0.09439834024896265	-0.5424095108245922
13	36740001	36830000	13	36740001	37330000	590000	90000	10.351576439429087	98.0%	0.04149377593360996	-0.5522131380831404
15	100400001	100490000	15	99990001	100490000	500000	90000	15.108485216791475	99.0%	0.006224066390041493	-0.5616815271244452
7	25370001	25460000	7	25370001	25810000	440000	90000	17.429654216210324	97.0%	0.014522821576763486	-0.5617985359610379
18	4210001	4280000	18	4210001	4730000	520000	70000	13.445469660880041	99.0%	0.03319502074688797	-0.5908691525019606
13	92530001	92600000	13	92530001	92990000	460000	70000	13.867440164908915	95.0%	0.053423236514522826	-0.5924961753740228
18	31860001	31950000	18	31860001	32250000	390000	90000	17.152668411144518	99.0%	0.03112033195020747	-0.6006687863213694
1	165730001	165800000	1	165730001	166400000	670000	70000	14.504252110562764	97.0%	0.02074688796680498	-0.6116019070772136
6	120160001	120240000	6	119470001	120240000	770000	80000	15.270199545364711	99.0%	0.007261410788381743	-0.6350469524806122
16	91010001	91100000	16	91010001	91710000	700000	90000	8.919101913411977	96.0%	0.07261410788381742	-0.6475017357135685
10	118360001	118430000	10	117190001	118430000	1240000	70000	4.989491616860645	98.0%	0.04616182572614108	-0.6595350607341386
3	53030001	53110000	3	53030001	53500000	470000	80000	11.609298532991447	97.0%	0.06535269709543569	-0.6642764134746872
15	53320001	53410000	15	52600001	53410000	810000	90000	10.644067915744651	96.0%	0.07261410788381743	-0.7020257374327984
9	58510001	58580000	9	58510001	58920000	410000	70000	18.37062215361356	98.0%	0.06224066390041494	-0.7049934937869621
10	44970001	45060000	10	43860001	45060000	1200000	90000	6.356270940403162	97.0%	0.09906639004149377	-0.7182772041682864
15	85690001	85770000	15	85100001	85770000	670000	80000	11.01110568616083	96.0%	0.056016597510373446	-0.7217026124108274
19	57140001	57210000	19	57140001	57770000	630000	70000	12.037403418119784	96.0%	0.09024896265560166	-0.7264322168092971
3	9370001	9430000	3	9370001	10320000	950000	60000	10.869269544659007	99.0%	0.061203319502074686	-0.7274823324808652
12	115490001	115560000	12	115190001	115560000	370000	70000	13.725162140546075	98.0%	0.08817427385892117	-0.7364610232350796
13	24280001	24340000	13	24280001	24930000	650000	60000	12.639507163628528	98.0%	0.09336099585062241	-0.7418496991449864
16	87510001	87600000	16	87510001	88140000	630000	90000	11.305006248384998	95.0%	0.0954356846473029	-0.7452839021352529
15	3170001	3250000	15	3170001	4170000	1000000	80000	7.589234050436694	97.0%	0.08765560165975103	-0.749448378562828
7	122180001	122260000	7	122180001	122930000	750000	80000	12.924706629671237	98.0%	0.03319502074688797	-0.7540350063128047
18	41990001	42060000	18	41370001	42060000	690000	70000	8.763328160423171	98.0%	0.07676348547717843	-0.7777427094152826
6	70290001	70370000	6	69900001	70370000	470000	80000	6.93539583294954	96.0%	0.01867219917012448	-0.7938707818075662
7	3890001	3960000	7	3570001	3960000	390000	70000	11.48271934003264	99.0%	0.012448132780082987	-0.8082339132497008
1	9510001	9580000	1	9510001	10490000	980000	70000	7.721784834434297	95.0%	0.07935684647302904	-0.8126615594206543
14	78610001	78690000	14	78610001	79660000	1050000	80000	8.344926755137456	95.0%	0.0954356846473029	-0.8661459052007471
4	102470001	102530000	4	102470001	103200000	730000	60000	11.852428563999984	98.0%	0.06327800829875518	-0.8676757319703411
18	38280001	38350000	18	38280001	38960000	680000	70000	11.233547476632014	95.0%	0.09802904564315353	-0.9029827225072651
11	5270001	5340000	11	5270001	5900000	630000	70000	19.641504932551214	98.0%	0.022821576763485476	-0.9035782839195238
10	7580001	7650000	10	7190001	7650000	460000	70000	12.194319238843152	95.0%	0.011410788381742738	-0.9103917231494406
1	173430001	173510000	1	173430001	174140000	710000	80000	9.189327588801698	97.0%	0.043568464730290454	-0.9130377439195111
13	24450001	24540000	13	24450001	24990000	540000	90000	16.203009183854935	99.0%	0.02437759336099585	-0.9216418593135661
7	13250001	13330000	7	12780001	13330000	550000	80000	11.673308603875755	99.0%	0.03423236514522822	-0.9862568021232168
6	40850001	40940000	6	40850001	42370000	1520000	90000	4.14779870786502	96.0%	0.08506224066390042	-0.9938859582176355
12	25040001	25130000	12	25040001	26180000	1140000	90000	8.92294896629591	96.0%	0.08973029045643154	-1.024498456946049
2	120840001	120920000	2	120330001	120920000	590000	80000	15.721218988293758	99.0%	0.06846473029045644	-1.0669621220657852
16	36320001	36380000	16	36130001	36380000	250000	60000	10.931061331957011	98.0%	0.03112033195020747	-1.075881082149724
6	142980001	143070000	6	142980001	143460000	480000	90000	15.987269571787103	97.0%	0.09802904564315353	-1.079780423939138
8	84660001	84730000	8	84660001	85080000	420000	70000	17.306548886356822	98.0%	0.09284232365145229	-1.0960186044747517
1	165960001	166050000	1	165630001	166050000	420000	90000	18.98703489599587	99.0%	0.054979253112033194	-1.1108254784260037
16	95430001	95490000	16	95430001	96130000	700000	60000	10.40574749179863	98.0%	0.08661825726141079	-1.1179628849076426
18	32850001	32930000	18	32850001	33700000	850000	80000	9.651519016237506	98.0%	0.04771784232365145	-1.1529927338258805
11	3490001	3580000	11	3490001	3900000	410000	90000	23.071874507104713	99.0%	0.07365145228215768	-1.1922605308765644
5	46390001	46470000	5	45740001	46470000	730000	80000	6.340744783144652	98.0%	0.029045643153526972	-1.2182029332916509
2	118440001	118510000	2	118440001	119190000	750000	70000	13.770600114495052	96.0%	0.08091286307053942	-1.227486095664157
16	75750001	75810000	16	75750001	76590000	840000	60000	9.979111972352932	96.0%	0.0762448132780083	-1.2456808165967947
13	21660001	21750000	13	21150001	21750000	600000	90000	10.396339424252549	96.0%	0.08402489626556017	-1.3133197159705003
10	83490001	83570000	10	82600001	83570000	970000	80000	7.358477348182635	95.0%	0.05705394190871369	-1.3453008227504926
2	31930001	32000000	2	31930001	32920000	990000	70000	11.791685072301318	97.0%	0.05912863070539419	-1.3456254813085273
4	137800001	137860000	4	137800001	138160000	360000	60000	18.81299330589007	97.0%	0.05705394190871369	-1.3736757250809715
12	85440001	85530000	12	85050001	85530000	480000	90000	18.43887833905124	97.0%	0.08143153526970953	-1.3857815934206912
8	13520001	13610000	8	13520001	14070000	550000	90000	15.982703830809564	97.0%	0.08195020746887967	-1.3906716347804107
16	3240001	3300000	16	3090001	3300000	210000	60000	30.964848509666506	98.0%	0.006224066390041493	-1.4007865512101545
10	89430001	89510000	10	89430001	89890000	460000	80000	13.41459525351918	98.0%	0.04149377593360996	-1.4336884546969852
5	121730001	121810000	5	121730001	122080000	350000	80000	21.61445230347833	98.0%	0.08817427385892117	-1.445964749186717
14	15860001	15940000	14	14980001	15940000	960000	80000	9.357007048851218	96.0%	0.02230290456431535	-1.4554265364886356
3	36420001	36500000	3	35710001	36500000	790000	80000	8.75226517967884	95.0%	0.06016597510373444	-1.4849073649704987
17	56340001	56420000	17	56340001	57050000	710000	80000	13.196766191617279	95.0%	0.06327800829875518	-1.501626071574088
2	68730001	68820000	2	68730001	69440000	710000	90000	10.946127368149662	98.0%	0.09854771784232365	-1.5389834954971342
14	69810001	69890000	14	69810001	70620000	810000	80000	9.722729549398627	95.0%	0.06431535269709543	-1.547211324400313
3	87370001	87450000	3	87370001	87700000	330000	80000	15.622794549229342	98.0%	0.04564315352697095	-1.6005773822925615
4	102620001	102710000	4	102220001	102710000	490000	90000	13.018666401752197	98.0%	0.08402489626556017	-1.6120386241342985
6	28840001	28920000	6	28310001	28920000	610000	80000	13.341256721904568	98.0%	0.0912863070539419	-1.6287635053813967
1	180220001	180310000	1	180220001	180770000	550000	90000	18.966190127559443	99.0%	0.038381742738589214	-1.63350481713237
11	83180001	83250000	11	82890001	83250000	360000	70000	19.21214429544318	99.0%	0.00466804979253112	-1.633620816862547
6	89100001	89170000	6	89100001	89570000	470000	70000	14.209207410312663	99.0%	0.03734439834024896	-1.6730998716681291
10	41660001	41730000	10	41300001	41730000	430000	70000	19.760472562824607	99.0%	0.04045643153526971	-1.722757057079696
16	93260001	93350000	16	92710001	93350000	640000	90000	14.47888714528397	99.0%	0.07935684647302904	-1.8140245807042827
2	117440001	117520000	2	116880001	117520000	640000	80000	11.189594192635761	97.0%	0.04823651452282157	-1.840360265211981
11	117180001	117250000	11	117180001	117820000	640000	70000	19.05878844904529	99.0%	0.03163900414937759	-1.8694655286190027
2	73030001	73110000	2	72720001	73110000	390000	80000	19.10051446324218	99.0%	0.043568464730290454	-1.953681419060495
7	75880001	75960000	7	75880001	78790000	2910000	80000	3.374900924990003	97.0%	0.09439834024896265	-2.0231735919142686
3	24390001	24480000	3	23940001	24480000	540000	90000	7.985217913635201	97.0%	0.07053941908713693	-2.037826876689723
15	79200001	79260000	15	79200001	79850000	650000	60000	16.431894622298778	99.0%	0.09232365145228216	-2.0389618267422187
17	34590001	34670000	17	34590001	35250000	660000	80000	11.210327667992118	97.0%	0.09906639004149377	-2.0550781316045157
7	58550001	58640000	7	58550001	59320000	770000	90000	14.276764728676824	99.0%	0.025933609958506226	-2.0828080447561677
4	63490001	63550000	4	63490001	63960000	470000	60000	16.827748313800438	99.0%	0.03941908713692946	-2.1602885879244953
3	68580001	68650000	3	68580001	69660000	1080000	70000	8.528089788764827	96.0%	0.09751037344398339	-2.349559213988848
1	173800001	173890000	1	173800001	174220000	420000	90000	12.310709901461504	98.0%	0.05912863070539419	-2.6007900058970668
3	96390001	96470000	3	95710001	96470000	760000	80000	9.575012344662678	98.0%	0.050311203319502076	-2.6918467284361816
5	140280001	140360000	5	139810001	140360000	550000	80000	21.31985868342677	99.0%	0.015560165975103735	-2.698727239403214
5	6100001	6190000	5	5830001	6190000	360000	90000	11.229372532794944	99.0%	0.015041493775933609	-2.793865821810891
10	122980001	123050000	10	122590001	123050000	460000	70000	16.748303417344182	99.0%	0.05705394190871369	-2.829930832668161
5	143880001	143950000	5	142700001	143950000	1250000	70000	7.404964150965056	95.0%	0.06327800829875518	-3.180075687566172
3	88690001	88760000	3	88690001	89250000	560000	70000	15.042268630505731	96.0%	0.03890041493775934	-3.214725844620631
3	50380001	50460000	3	50380001	51210000	830000	80000	10.319812089763586	96.0%	0.05705394190871369	-3.339175607309386
10	37050001	37140000	10	37050001	38580000	1530000	90000	6.859485368281269	97.0%	0.03423236514522822	-3.4255947083752805
10	21430001	21500000	10	21430001	21950000	520000	70000	15.999966616198178	99.0%	0.07468879668049792	-3.4848893836684938
3	59120001	59200000	3	59120001	59930000	810000	80000	10.386408752102318	98.0%	0.0487551867219917	-3.5219554916338085
11	23850001	23920000	11	23260001	23920000	660000	70000	14.235151954614954	95.0%	0.06224066390041494	-3.696241274273
19	5840001	5920000	19	5330001	5920000	590000	80000	18.182512072466473	95.0%	0.06224066390041494	-3.7126494095858127
19	53580001	53660000	19	53190001	53660000	470000	80000	16.582415110291414	98.0%	0.0995850622406639	-3.837949394447332
6	8700001	8770000	6	7670001	8770000	1100000	70000	9.603168545417796	95.0%	0.08713692946058091	-3.872145180962854
2	30780001	30850000	2	30010001	30850000	840000	70000	14.193097479353487	98.0%	0.038381742738589214	-3.879882459164023
18	80540001	80630000	18	80540001	81010000	470000	90000	17.983778514841816	97.0%	0.09024896265560166	-3.9326092439771623
1	191280001	191350000	1	191280001	192120000	840000	70000	13.774240970889451	99.0%	0.03319502074688797	-9.019235576863652
2	19240001	19300000	2	18540001	19300000	760000	60000	13.193769428508515	98.0%	0.07780082987551867	-9.897749436510763
