chr	pos1	pos2	chr2	pos3	pos4	length	width	Mean	maxpixel	pvalue	Stripiness
X	72990001	73070000	X	72990001	73760000	770000	80000	4.130540685400372	98.0%	0.043	17.255159528554103
16	23960001	24030000	16	23960001	25080000	1120000	70000	10.696747915471034	99.0%	0.011	15.502972082487705
8	34780001	34860000	8	34090001	34860000	770000	80000	15.054472497830696	99.0%	0.032	15.318708702833037
9	33060001	33130000	9	32360001	33130000	770000	70000	14.40394556536605	99.0%	0.007	15.12253840681818
3	100920001	101010000	3	100920001	101840000	920000	90000	11.791191402164602	99.0%	0.0085	13.713095550499814
14	54200001	54290000	14	54200001	54690000	490000	90000	21.571911152490124	99.0%	0.003	13.463614401068003
4	144860001	144940000	4	144860001	145360000	500000	80000	19.63203422796962	99.0%	0.001	12.939916137512785
3	52170001	52260000	3	51280001	52260000	980000	90000	10.81341724112046	99.0%	0.11649999999999999	12.678231644909399
12	99060001	99140000	12	99060001	99970000	910000	80000	11.150788940343872	99.0%	0.021	11.5894832187154
X	13210001	13300000	X	13210001	13680000	470000	90000	8.056557487183765	98.0%	0.069	10.91300635014736
1	156040001	156120000	1	156040001	157100000	1060000	80000	10.198186847266593	95.0%	0.002	10.658733469131183
10	122520001	122610000	10	122520001	123190000	670000	90000	13.916965921285827	98.0%	0.007	9.758298777816814
10	8180001	8270000	10	7790001	8270000	480000	90000	18.54488956622778	99.0%	0.009	8.912950285049169
X	166640001	166710000	X	166640001	167260000	620000	70000	5.394171928002228	95.0%	0.0975	8.892014875691542
16	25030001	25100000	16	24030001	25100000	1070000	70000	9.152555712215957	99.0%	0.07	8.826975889676149
1	51580001	51650000	1	50920001	51650000	730000	70000	11.83128367551224	99.0%	0.009	8.14595625598112
12	110390001	110470000	12	110390001	111030000	640000	80000	13.142669901116587	99.0%	0.010499999999999999	8.125915959239927
8	122810001	122890000	8	122230001	122890000	660000	80000	17.069401612304635	99.0%	0.0115	8.001648732310398
7	67760001	67830000	7	67760001	68390000	630000	70000	14.639617402519297	99.0%	0.007	7.762159265687308
6	52240001	52330000	6	52240001	52980000	740000	90000	10.671891419236069	97.0%	0.0055	7.601637998135603
4	95000001	95080000	4	95000001	95930000	930000	80000	10.809751806596552	99.0%	0.023	7.534541989021744
12	76970001	77060000	12	76970001	77680000	710000	90000	13.092836443097822	99.0%	0.015	7.414127296608528
9	123780001	123870000	9	123440001	123870000	430000	90000	22.92146088686664	99.0%	0.008	7.362611430736537
8	25250001	25310000	8	25250001	25770000	520000	60000	16.53272320652715	99.0%	0.020999999999999998	7.16242322269225
14	44950001	45010000	14	44950001	45420000	470000	60000	13.87182208299964	99.0%	0.006	6.848254539454256
3	135690001	135760000	3	135270001	135760000	490000	70000	16.15224556225152	99.0%	0.064	6.8225905856240665
1	38970001	39040000	1	38970001	39540000	570000	70000	17.00603963536531	99.0%	0.012	6.769629686099982
1	166110001	166190000	1	165570001	166190000	620000	80000	13.729098042064551	98.0%	0.0125	6.7217009318415215
1	157040001	157120000	1	156630001	157120000	490000	80000	16.203461637170797	99.0%	0.052	6.483563721392057
X	106760001	106850000	X	106760001	107490000	730000	90000	4.228682713847586	96.0%	0.106	6.421629143518676
12	85310001	85390000	12	85310001	85730000	420000	80000	19.918815201317724	99.0%	0.006	6.415385761932893
3	40480001	40550000	3	40480001	41260000	780000	70000	8.966002340248556	97.0%	0.006	6.377209742358912
6	119450001	119540000	6	119450001	120010000	560000	90000	17.47888275199638	99.0%	0.0315	6.225815972686705
13	63290001	63380000	13	62890001	63380000	490000	90000	17.183415297810278	99.0%	0.024	6.16650241780212
6	51140001	51230000	6	51140001	52320000	1180000	90000	7.6328181980248155	96.0%	0.027	6.12964411853592
10	93020001	93110000	10	93020001	93570000	550000	90000	15.789497969101973	99.0%	0.038	5.8102028304603675
5	111380001	111440000	5	111380001	112050000	670000	60000	12.539756765130976	99.0%	0.014	5.598516870916281
11	116430001	116500000	11	116030001	116500000	470000	70000	24.03660056740402	99.0%	0.007	5.567339034976175
X	11590001	11680000	X	11590001	12520000	930000	90000	4.779895908835384	95.0%	0.162	5.460968719699045
13	46270001	46350000	13	46270001	46810000	540000	80000	15.462932971622505	99.0%	0.020499999999999997	5.435077905666448
1	182110001	182190000	1	182110001	182550000	440000	80000	15.156519746898642	99.0%	0.0085	5.319895229788169
8	128470001	128550000	8	127310001	128550000	1240000	80000	8.97188264785839	99.0%	0.071	5.292150868668796
9	71800001	71880000	9	71800001	72700000	900000	80000	13.419254555996922	98.0%	0.1395	5.2573996273051735
17	52420001	52490000	17	51760001	52490000	730000	70000	11.467461485703899	98.0%	0.028	5.183624844105082
1	106330001	106420000	1	105860001	106420000	560000	90000	13.071046120845216	99.0%	0.0175	5.081490012540487
2	102400001	102490000	2	101690001	102490000	800000	90000	12.67646755054778	99.0%	0.0345	5.042286125821977
7	67200001	67280000	7	67200001	67640000	440000	80000	18.296190266248672	99.0%	0.039	4.980382014842585
1	182930001	182990000	1	182930001	183660000	730000	60000	10.96699849044917	98.0%	0.008	4.8503567414018764
15	8580001	8660000	15	8000001	8660000	660000	80000	13.295289783013983	99.0%	0.0095	4.835301994504146
3	101790001	101880000	3	100830001	101880000	1050000	90000	9.185431735163775	98.0%	0.049	4.777737458894081
1	37240001	37320000	1	37240001	37670000	430000	80000	18.95144808921259	98.0%	0.012	4.557027286181326
17	80160001	80230000	17	79820001	80230000	410000	70000	19.86666098958457	99.0%	0.017	4.5168616817808465
X	50640001	50720000	X	50640001	51380000	740000	80000	3.8453447908935106	96.0%	0.129	4.499857283552753
4	63920001	63990000	4	63320001	63990000	670000	70000	11.727753285347164	99.0%	0.069	4.478055229818608
7	63720001	63780000	7	63720001	64640000	920000	60000	10.052356115075252	98.0%	0.018000000000000002	4.453978091320553
8	36320001	36380000	8	35840001	36380000	540000	60000	13.731098249827253	99.0%	0.051500000000000004	4.452528507433851
13	37280001	37360000	13	36100001	37360000	1260000	80000	7.874471057157411	98.0%	0.035	4.42332831391242
7	68310001	68400000	7	67660001	68400000	740000	90000	13.049408835871944	98.0%	0.02	4.332648524143095
13	102620001	102700000	13	101430001	102700000	1270000	80000	6.882901571926472	97.0%	0.031	4.33137934239498
10	42290001	42360000	10	42290001	42830000	540000	70000	13.043636047827123	99.0%	0.018500000000000003	4.321796385819748
1	143760001	143850000	1	143760001	144400000	640000	90000	11.291731659212088	98.0%	0.0125	4.319634880980892
7	49070001	49160000	7	48710001	49160000	450000	90000	16.319533292860065	98.0%	0.052	4.272304301478689
X	167250001	167340000	X	167250001	167970000	720000	90000	3.991911339168227	95.0%	0.1415	4.237638582258587
6	127100001	127190000	6	127100001	127630000	530000	90000	14.712404380372703	96.0%	0.011	4.228469088297454
2	173530001	173600000	2	172790001	173600000	810000	70000	12.967093403670802	98.0%	0.041	4.189447468039972
16	10850001	10920000	16	10850001	11410000	560000	70000	14.83080909383662	98.0%	0.014499999999999999	4.169663848823549
6	98500001	98580000	6	98500001	99720000	1220000	80000	6.945647884504364	99.0%	0.049	4.054745650946611
18	5960001	6030000	18	4970001	6030000	1060000	70000	9.754206895516601	98.0%	0.095	4.0399597794196245
4	32510001	32600000	4	32020001	32600000	580000	90000	14.118623111539172	99.0%	0.07150000000000001	4.039786038103148
18	40000001	40070000	18	39110001	40070000	960000	70000	9.860371703205487	99.0%	0.038	3.978482268297024
15	74720001	74810000	15	74720001	75200000	480000	90000	18.454934717959173	99.0%	0.002	3.9276830343750917
14	76990001	77050000	14	76050001	77050000	1000000	60000	7.513802217317406	98.0%	0.1545	3.875862913240258
1	160060001	160150000	1	159370001	160150000	780000	90000	10.055119918111682	99.0%	0.009999999999999998	3.8300320683273754
18	5120001	5210000	18	5120001	6010000	890000	90000	13.162981262497704	99.0%	0.01	3.8216938959098177
2	27200001	27290000	2	26790001	27290000	500000	90000	20.19651644708297	99.0%	0.0235	3.7899489893708744
3	104640001	104730000	3	103780001	104730000	950000	90000	9.861958835545817	98.0%	0.019	3.736055967827442
2	127840001	127910000	2	127840001	128590000	750000	70000	14.491313636054306	99.0%	0.052	3.6911665942008134
9	32910001	32990000	9	32420001	32990000	570000	80000	18.278271160750418	99.0%	0.013	3.651667937515371
1	37610001	37690000	1	37250001	37690000	440000	80000	20.085716893373828	99.0%	0.0465	3.618202081508992
18	89320001	89370000	18	88770001	89370000	600000	50000	12.301037526593193	95.0%	0.037000000000000005	3.610573963794368
15	67060001	67140000	15	66510001	67140000	630000	80000	14.437549364883319	97.0%	0.033	3.5938907898653616
11	31640001	31730000	11	31640001	32310000	670000	90000	14.514084539530208	98.0%	0.042	3.5317480469233162
16	30180001	30270000	16	29620001	30270000	650000	90000	12.948451212298442	98.0%	0.09	3.515182850370631
6	135340001	135430000	6	135010001	135430000	420000	90000	18.554420436843756	99.0%	0.016	3.507909654784993
7	75090001	75180000	7	75090001	75890000	800000	90000	7.91053607575623	96.0%	0.010499999999999999	3.4566658093178373
11	96250001	96340000	11	96250001	96890000	640000	90000	15.843527764647327	98.0%	0.0285	3.446865163540118
19	9060001	9150000	19	8540001	9150000	610000	90000	15.915430358757037	99.0%	0.031	3.419155514109668
12	70460001	70540000	12	70460001	70910000	450000	80000	16.47328095704186	99.0%	0.038	3.414705878343486
1	138070001	138150000	1	138070001	138830000	760000	80000	12.477863131124137	99.0%	0.031	3.4094614505561576
6	37550001	37630000	6	37550001	38070000	520000	80000	15.76024136218601	99.0%	0.053500000000000006	3.3955373247784295
10	21960001	22040000	10	20940001	22040000	1100000	80000	8.745071487071664	99.0%	0.1525	3.2998597607926823
5	143020001	143100000	5	142710001	143100000	390000	80000	16.916926676206323	99.0%	0.161	3.295127535350223
5	35980001	36070000	5	35980001	36430000	450000	90000	18.244463277573516	99.0%	0.037	3.2855160343543797
19	7030001	7110000	19	7030001	7440000	410000	80000	22.43105417767685	99.0%	0.012	3.254243959981063
1	131520001	131610000	1	131090001	131610000	520000	90000	16.61995050642291	99.0%	0.1045	3.195705242269136
12	112460001	112550000	12	112100001	112550000	450000	90000	15.640224146545746	98.0%	0.074	3.1889558476915623
1	50930001	51010000	1	50930001	51640000	710000	80000	10.125341192766045	99.0%	0.06	3.141521366300935
17	21210001	21300000	17	21210001	21590000	380000	90000	15.666781286205069	99.0%	0.005	3.133336587099032
14	75020001	75110000	14	75020001	75750000	730000	90000	9.846312837115583	95.0%	0.041	3.131273190241665
7	82230001	82310000	7	81700001	82310000	610000	80000	12.998102514864014	99.0%	0.021	3.122412734950227
2	13250001	13340000	2	13250001	13940000	690000	90000	12.637237807885368	98.0%	0.034	3.111970030008814
2	174630001	174710000	2	174280001	174710000	430000	80000	18.090350275621695	99.0%	0.173	3.0933538257129114
1	154980001	155070000	1	154980001	155600000	620000	90000	13.61372870701271	98.0%	0.013	3.05674568394497
4	156170001	156260000	4	155400001	156260000	860000	90000	12.464594948545203	97.0%	0.14200000000000002	3.0542108795486675
15	37880001	37950000	15	37200001	37950000	750000	70000	10.505770969942555	99.0%	0.115	3.049366877396101
9	45370001	45440000	9	45010001	45440000	430000	70000	20.55905402557617	99.0%	0.102	3.009530049015418
16	50700001	50790000	16	49450001	50790000	1340000	90000	5.794578493296239	96.0%	0.0895	2.991535197191288
12	79310001	79390000	12	79310001	80430000	1120000	80000	7.66390167138471	98.0%	0.0935	2.9697014268918482
13	13470001	13540000	13	13470001	13860000	390000	70000	19.44466944479829	99.0%	0.011	2.93293991617637
6	71770001	71850000	6	71120001	71850000	730000	80000	14.129504921345465	99.0%	0.048	2.9066751105822
10	26860001	26930000	10	26140001	26930000	790000	70000	8.901316733965063	97.0%	0.065	2.9054946349854442
11	102390001	102480000	11	102080001	102480000	400000	90000	21.21395220554447	98.0%	0.016	2.8897276468277133
2	18350001	18440000	2	18350001	19330000	980000	90000	9.246489460901467	97.0%	0.0125	2.8890804076949888
15	59370001	59450000	15	59370001	59860000	490000	80000	16.033387755443314	99.0%	0.164	2.8855041725481274
16	31300001	31380000	16	30530001	31380000	850000	80000	9.357723381047304	96.0%	0.054	2.868620085891286
7	129610001	129700000	7	129610001	130490000	880000	90000	9.134699199004523	95.0%	0.035500000000000004	2.863066819009101
10	59780001	59860000	10	59290001	59860000	570000	80000	16.22279167285144	99.0%	0.154	2.8619361723862267
1	55690001	55770000	1	55200001	55770000	570000	80000	13.327464858994766	98.0%	0.042	2.846168843122263
7	98420001	98510000	7	98420001	98840000	420000	90000	21.19036278976552	98.0%	0.016	2.845169147563641
10	111910001	112000000	10	110910001	112000000	1090000	90000	7.039494424173055	95.0%	0.059	2.8369703843291862
15	28150001	28230000	15	27430001	28230000	800000	80000	9.586196505458263	98.0%	0.07100000000000001	2.817252368383121
2	58000001	58090000	2	58000001	58450000	450000	90000	14.834692510703292	98.0%	0.01	2.816837610673617
3	53430001	53510000	3	51190001	53510000	2320000	80000	2.853974015216419	96.0%	0.057999999999999996	2.8143489952396825
17	84350001	84430000	17	83880001	84430000	550000	80000	16.47310868139114	99.0%	0.142	2.8055037089435158
7	4490001	4570000	7	4490001	5080000	590000	80000	15.54605775437697	98.0%	0.05	2.792424927788775
9	53220001	53280000	9	53220001	53700000	480000	60000	14.614681275528142	99.0%	0.016	2.7747912276851388
2	71550001	71640000	2	71550001	72040000	490000	90000	18.520387948386148	99.0%	0.026	2.750289224069353
3	59700001	59780000	3	59010001	59780000	770000	80000	9.15294419076247	98.0%	0.042	2.738230332746065
15	61940001	62020000	15	61940001	63750000	1810000	80000	6.464279113791694	99.0%	0.046	2.7305103971144913
3	75190001	75270000	3	75190001	75920000	730000	80000	8.704610095817019	98.0%	0.03	2.6789166970723444
3	129280001	129350000	3	129280001	129950000	670000	70000	10.077446434552696	95.0%	0.078	2.6519523525118767
2	84000001	84060000	2	84000001	84960000	960000	60000	8.103798381375702	96.0%	0.0125	2.6504380115459396
14	69830001	69900000	14	69830001	70380000	550000	70000	13.50423956016782	99.0%	0.024	2.618888036202139
11	89270001	89340000	11	88960001	89340000	380000	70000	18.729935544745196	99.0%	0.053000000000000005	2.6155213807713644
10	95530001	95600000	10	95530001	96110000	580000	70000	13.103361043803504	99.0%	0.097	2.591361183519999
17	83250001	83340000	17	83250001	83840000	590000	90000	14.589665529217406	97.0%	0.035	2.5581370951335756
17	34030001	34110000	17	34030001	34420000	390000	80000	25.13116136449378	99.0%	0.025	2.5490985133917063
16	25220001	25300000	16	24040001	25300000	1260000	80000	6.05146136874921	97.0%	0.065	2.543339298111776
12	107070001	107130000	12	107070001	107850000	780000	60000	12.205322107617734	99.0%	0.1185	2.5264190205155153
9	56180001	56270000	9	56180001	56870000	690000	90000	12.721145928818872	98.0%	0.043	2.472414783154277
17	50790001	50880000	17	50790001	52590000	1800000	90000	5.021812882307988	95.0%	0.15	2.4454642490176575
16	4280001	4340000	16	4280001	4650000	370000	60000	17.941453416004126	98.0%	0.023	2.442619159780955
12	102320001	102410000	12	101910001	102410000	500000	90000	14.536494977577783	97.0%	0.035	2.3886452680242893
4	136620001	136710000	4	136620001	137120000	500000	90000	15.731053266100666	98.0%	0.044	2.3816883838174316
3	152690001	152780000	3	152090001	152780000	690000	90000	8.561047253715952	98.0%	0.027	2.3730558280344463
15	42650001	42740000	15	41750001	42740000	990000	90000	8.817769784313745	98.0%	0.039	2.3726062498414695
16	33280001	33340000	16	33280001	33730000	450000	60000	16.873472978534167	99.0%	0.039	2.3664114516590176
10	67290001	67360000	10	67290001	67860000	570000	70000	12.323204540327342	99.0%	0.156	2.3608582679032057
6	59140001	59220000	6	58530001	59220000	690000	80000	8.377780993323084	98.0%	0.076	2.3387814438419716
11	109820001	109900000	11	109220001	109900000	680000	80000	11.425120049189198	99.0%	0.034	2.321614887652151
4	19670001	19740000	4	19670001	20040000	370000	70000	18.28064376382127	99.0%	0.007	2.3155888599398278
6	103280001	103360000	6	103280001	103700000	420000	80000	14.299575510901862	99.0%	0.0505	2.299694883508643
9	51290001	51380000	9	51290001	51960000	670000	90000	12.66241871383938	98.0%	0.013	2.2927110565924274
1	21370001	21460000	1	21370001	22290000	920000	90000	10.00216177871826	95.0%	0.033	2.2830419717132053
10	60280001	60360000	10	60280001	60770000	490000	80000	18.952789435321836	99.0%	0.027	2.276383735999064
8	125840001	125910000	8	125050001	125910000	860000	70000	10.116620341892032	99.0%	0.149	2.2321710409756794
9	13840001	13910000	9	13840001	14530000	690000	70000	13.645241212407878	97.0%	0.108	2.232136221715832
2	75520001	75610000	2	74950001	75610000	660000	90000	10.425766468487863	99.0%	0.093	2.226306703876595
9	44400001	44490000	9	44400001	44980000	580000	90000	19.797793203303815	98.0%	0.025500000000000002	2.221188523650847
14	77110001	77190000	14	77110001	78290000	1180000	80000	5.90636168770393	97.0%	0.063	2.212194906518546
18	84490001	84580000	18	83670001	84580000	910000	90000	7.526170434221429	98.0%	0.078	2.2086807717307444
1	54930001	55020000	1	54420001	55020000	600000	90000	15.259291213578772	99.0%	0.0075	2.195357839897231
3	52210001	52290000	3	52210001	53500000	1290000	80000	7.178053668687151	95.0%	0.114	2.1763267252963416
5	109550001	109630000	5	109550001	110350000	800000	80000	8.935948649546836	96.0%	0.073	2.1686443244862383
X	103450001	103510000	X	103450001	104000000	550000	60000	5.335186471748956	99.0%	0.14	2.1478306470799606
16	57540001	57630000	16	57090001	57630000	540000	90000	12.686477102124941	99.0%	0.1585	2.1409142531860805
18	3480001	3560000	18	3480001	4460000	980000	80000	8.75208430602537	95.0%	0.054	2.1336797533122644
3	138110001	138190000	3	137760001	138190000	430000	80000	12.430598365620439	99.0%	0.146	2.1287222617106334
4	87330001	87410000	4	87330001	88700000	1370000	80000	5.268917214133618	95.0%	0.079	2.071844662494616
6	84050001	84140000	6	84050001	84610000	560000	90000	11.958360715822508	98.0%	0.0235	2.066038736583285
18	80780001	80870000	18	80780001	81900000	1120000	90000	9.284968109625515	97.0%	0.042499999999999996	2.056680759601431
1	133580001	133660000	1	133130001	133660000	530000	80000	14.701359289459123	99.0%	0.061	2.0535073108962987
15	86220001	86310000	15	86220001	86580000	360000	90000	18.838444732806064	98.0%	0.014499999999999999	2.0482799616087406
1	177650001	177730000	1	176850001	177730000	880000	80000	10.265567473767412	99.0%	0.1045	2.0308154787061694
1	128800001	128890000	1	127740001	128890000	1150000	90000	8.026468032202654	96.0%	0.104	2.0268223990770884
11	44980001	45060000	11	44240001	45060000	820000	80000	10.536097154401148	97.0%	0.14300000000000002	2.017134938190665
1	43110001	43190000	1	43110001	43750000	640000	80000	12.44030260891204	99.0%	0.0435	2.0000851379555495
6	145790001	145880000	6	145790001	146330000	540000	90000	14.04220507425319	98.0%	0.0685	1.9918983324481787
14	51850001	51940000	14	51850001	52340000	490000	90000	14.457392543229142	96.0%	0.047	1.9665667571077972
15	58910001	59000000	15	58910001	59890000	980000	90000	10.91073296252565	95.0%	0.121	1.966389535672267
9	58010001	58090000	9	58010001	58530000	520000	80000	15.710606609844389	96.0%	0.0445	1.9646774126785789
17	49920001	50010000	17	49920001	50800000	880000	90000	9.65655133377854	97.0%	0.065	1.962829195311045
2	49740001	49810000	2	49740001	50290000	550000	70000	13.00918931455588	99.0%	0.044	1.9606221277946685
17	12780001	12870000	17	12400001	12870000	470000	90000	15.57268877486346	98.0%	0.077	1.9483207183008353
7	102380001	102450000	7	101480001	102450000	970000	70000	9.996468233640245	95.0%	0.194	1.9337978048178044
10	13540001	13600000	10	13540001	14370000	830000	60000	9.944909045056068	98.0%	0.025	1.931995699403855
1	184190001	184280000	1	183690001	184280000	590000	90000	14.692532917922152	99.0%	0.106	1.929242818793919
18	56330001	56410000	18	56330001	56960000	630000	80000	12.470848872492423	98.0%	0.022	1.9149675094710186
5	134150001	134240000	5	134150001	134710000	560000	90000	17.21960845096773	99.0%	0.055	1.9115143250350053
13	43690001	43770000	13	43170001	43770000	600000	80000	12.733130509614117	98.0%	0.119	1.9012346952071695
13	62880001	62960000	13	62880001	63760000	880000	80000	10.082514298734331	97.0%	0.0595	1.8954610617768382
7	64710001	64780000	7	63780001	64780000	1000000	70000	6.848251543150405	97.0%	0.025500000000000002	1.8924918082951114
13	95530001	95620000	13	95530001	96000000	470000	90000	15.171165063502023	98.0%	0.044	1.8799748557367897
16	49480001	49550000	16	49480001	50310000	830000	70000	9.470055159682673	97.0%	0.065	1.8670242969144575
15	24550001	24640000	15	24550001	26000000	1450000	90000	4.736483518046706	95.0%	0.06	1.8569964263350072
12	35160001	35250000	12	33380001	35250000	1870000	90000	4.809788117428707	95.0%	0.06	1.834635890047415
19	29470001	29540000	19	28950001	29540000	590000	70000	14.391521280616535	98.0%	0.144	1.825199613645933
4	40690001	40780000	4	40690001	41310000	620000	90000	13.042217721968054	98.0%	0.0895	1.8215783478052163
4	149510001	149600000	4	149140001	149600000	460000	90000	19.007184417023687	99.0%	0.0525	1.82059643295258
18	39850001	39920000	18	39330001	39920000	590000	70000	14.329610281507199	99.0%	0.139	1.8134315858546783
11	77410001	77490000	11	77080001	77490000	410000	80000	18.54591352571259	99.0%	0.111	1.7892824591632692
7	143120001	143210000	7	143120001	143490000	370000	90000	18.008560570676067	99.0%	0.027	1.781074148365996
4	59530001	59620000	4	58960001	59620000	660000	90000	13.801132801368574	99.0%	0.0595	1.7806224806970803
12	54630001	54700000	12	54630001	55490000	860000	70000	8.319240044918105	97.0%	0.0535	1.7788141284904408
14	79100001	79180000	14	79100001	79650000	550000	80000	13.100743518797623	97.0%	0.073	1.777897043206185
16	91930001	92010000	16	91930001	92300000	370000	80000	19.2529604259771	99.0%	0.013	1.7648693672359557
7	114010001	114100000	7	114010001	114790000	780000	90000	11.063008526757562	95.0%	0.0605	1.7557035558735057
7	66800001	66870000	7	66800001	67650000	850000	70000	10.073667006069735	98.0%	0.029	1.754099280979004
12	80130001	80220000	12	80130001	80760000	630000	90000	13.229482770535931	95.0%	0.021	1.7455090696939624
11	20410001	20500000	11	20410001	21460000	1050000	90000	10.886935074812193	98.0%	0.05	1.7421761626613115
18	33740001	33830000	18	32440001	33830000	1390000	90000	5.65751515861314	96.0%	0.083	1.7271086244538507
8	125160001	125230000	8	125160001	125800000	640000	70000	14.225615491783133	99.0%	0.067	1.706109791241706
7	118970001	119050000	7	118350001	119050000	700000	80000	10.144476041488922	98.0%	0.1475	1.7023372642560446
17	30960001	31030000	17	30960001	31500000	540000	70000	16.304604821507503	98.0%	0.027	1.701264258235002
4	121980001	122070000	4	121250001	122070000	820000	90000	5.727445898863669	98.0%	0.0275	1.6982387044639389
3	38220001	38290000	3	38220001	38680000	460000	70000	16.835819223831496	99.0%	0.183	1.6620849092406749
18	88740001	88830000	18	88740001	89480000	740000	90000	10.733894850943006	98.0%	0.0325	1.6592105859172384
8	34160001	34230000	8	34160001	35440000	1280000	70000	10.388572889191062	96.0%	0.0315	1.6542214641293593
7	75890001	75970000	7	75890001	76880000	990000	80000	6.46256955508522	96.0%	0.061	1.641404650846832
1	58740001	58810000	1	58740001	59230000	490000	70000	14.197814674565373	98.0%	0.07	1.622895908319834
5	36710001	36770000	5	36210001	36770000	560000	60000	16.116028240901304	95.0%	0.032	1.6210465492507709
9	118030001	118110000	9	118030001	119120000	1090000	80000	7.071390110778614	96.0%	0.092	1.6174929301929468
13	24450001	24530000	13	24450001	24930000	480000	80000	18.6317347002859	99.0%	0.013	1.6068029478550039
15	81400001	81490000	15	81400001	82000000	600000	90000	17.24588925697506	96.0%	0.027	1.5980589078058587
10	88260001	88350000	10	87820001	88350000	530000	90000	11.76639805730167	99.0%	0.073	1.5915371296796235
2	167870001	167940000	2	167510001	167940000	430000	70000	21.689825745277066	99.0%	0.149	1.5890750893427859
5	74250001	74320000	5	73830001	74320000	490000	70000	15.397306353034926	99.0%	0.075	1.573235602826101
14	32010001	32100000	14	31620001	32100000	480000	90000	13.504079026368794	98.0%	0.14750000000000002	1.5541673591803693
8	94280001	94370000	8	94280001	94810000	530000	90000	16.46835560620516	97.0%	0.029	1.5508732311149445
12	69710001	69800000	12	69710001	70440000	730000	90000	11.748719323589581	96.0%	0.057	1.54201138828784
7	29470001	29560000	7	29130001	29560000	430000	90000	16.82620137872057	97.0%	0.167	1.5420081066724107
9	30410001	30500000	9	30410001	31400000	990000	90000	7.229928361482288	96.0%	0.042	1.5197998273184554
15	66890001	66960000	15	66890001	68250000	1360000	70000	7.0662827844164084	95.0%	0.0335	1.4959460479021012
14	17380001	17450000	14	17380001	18370000	990000	70000	6.369375969631642	98.0%	0.072	1.4850671881007529
3	54320001	54400000	3	54320001	54840000	520000	80000	10.376716239231769	96.0%	0.1195	1.4802870444140868
9	90150001	90240000	9	90150001	90760000	610000	90000	12.919151270020732	98.0%	0.041	1.4645091123946283
1	161120001	161210000	1	160730001	161210000	480000	90000	13.709825993747383	99.0%	0.10899999999999999	1.4554727988435456
11	62720001	62780000	11	62720001	63170000	450000	60000	15.064871065621519	99.0%	0.02	1.4548268105489737
10	118570001	118660000	10	118570001	119060000	490000	90000	15.88781418311057	99.0%	0.052	1.4446122903800025
3	97300001	97370000	3	96910001	97370000	460000	70000	14.280864359487039	99.0%	0.051000000000000004	1.4285792957894126
7	97950001	98010000	7	97380001	98010000	630000	60000	11.219980160597485	95.0%	0.095	1.4248308093201667
6	144930001	145020000	6	144130001	145020000	890000	90000	8.755535927600718	96.0%	0.138	1.4134073487054812
7	101620001	101700000	7	101620001	102090000	470000	80000	16.296192364865462	99.0%	0.101	1.4119480848895034
8	91150001	91240000	8	91150001	92490000	1340000	90000	6.0739175546115085	97.0%	0.162	1.4084373299719177
5	103320001	103400000	5	103320001	104070000	750000	80000	8.05423397816315	96.0%	0.106	1.4035678198058432
12	91360001	91440000	12	91360001	91870000	510000	80000	9.694882147837694	97.0%	0.037	1.4024893639963878
16	19690001	19780000	16	19690001	20180000	490000	90000	11.896183838764776	98.0%	0.095	1.3849144448453337
4	116800001	116860000	4	116800001	117170000	370000	60000	16.694810545613265	99.0%	0.048	1.3590536349097504
13	112640001	112710000	13	112640001	113230000	590000	70000	12.323918877317851	97.0%	0.134	1.3586111430535794
2	160530001	160620000	2	159850001	160620000	770000	90000	10.06694467008709	96.0%	0.152	1.3481197017621975
15	11940001	12030000	15	11940001	12390000	450000	90000	16.38380237960162	98.0%	0.046	1.3453605483877593
3	27420001	27510000	3	27080001	27510000	430000	90000	14.80508634076594	99.0%	0.13	1.3092024125874981
11	117340001	117410000	11	116890001	117410000	520000	70000	20.996309155484877	99.0%	0.019	1.3088737637657417
17	29470001	29560000	17	28950001	29560000	610000	90000	14.758506491275037	98.0%	0.118	1.30056278785556
17	24630001	24710000	17	24120001	24710000	590000	80000	15.081961681484204	95.0%	0.085	1.2736078910721162
2	59500001	59590000	2	59500001	60640000	1140000	90000	7.893579321975107	96.0%	0.0655	1.2634109533386937
11	87480001	87570000	11	87140001	87570000	430000	90000	18.941651084926402	98.0%	0.032	1.2556159248480105
15	82250001	82330000	15	82250001	82800000	550000	80000	11.477978189110594	98.0%	0.031	1.2537223924169179
12	17760001	17850000	12	17260001	17850000	590000	90000	12.010624320639542	96.0%	0.044	1.2489984587017822
7	110590001	110680000	7	109960001	110680000	720000	90000	9.602362793709933	96.0%	0.1815	1.2475765187903927
14	62920001	63010000	14	62470001	63010000	540000	90000	12.114082307248564	99.0%	0.1435	1.2471802987407725
2	49700001	49780000	2	48880001	49780000	900000	80000	8.603612475694803	97.0%	0.137	1.2438004758469148
14	25540001	25610000	14	24930001	25610000	680000	70000	13.161769946925109	99.0%	0.055	1.237449773905675
11	75150001	75230000	11	75150001	75700000	550000	80000	17.18639408650019	98.0%	0.162	1.2365101809794878
18	12400001	12480000	18	11990001	12480000	490000	80000	12.400103970545443	98.0%	0.125	1.2352748706700702
2	147150001	147220000	2	146700001	147220000	520000	70000	12.1285541162657	98.0%	0.0875	1.2121890127993704
13	3650001	3710000	13	3650001	4000000	350000	60000	17.465452965244666	99.0%	0.078	1.2057563711653674
7	89950001	90040000	7	89950001	90470000	520000	90000	15.645976131111363	99.0%	0.014	1.2048377109297976
8	10540001	10610000	8	10540001	11400000	860000	70000	10.342494924488552	95.0%	0.1225	1.197370327389914
5	105840001	105910000	5	105380001	105910000	530000	70000	13.553270121142804	99.0%	0.114	1.19279351340032
1	127790001	127870000	1	127790001	128350000	560000	80000	13.308992315903966	98.0%	0.0465	1.1761202215699644
10	122050001	122140000	10	122050001	123150000	1100000	90000	5.86302184065527	95.0%	0.0575	1.1685135172968912
14	120090001	120170000	14	120090001	120940000	850000	80000	7.67612348989897	95.0%	0.134	1.1632747882817638
14	24460001	24530000	14	24460001	25860000	1400000	70000	4.536112172701772	97.0%	0.156	1.1538965588345376
13	60750001	60840000	13	60750001	61240000	490000	90000	11.28250240231608	98.0%	0.03	1.1413097410974866
16	87730001	87800000	16	87340001	87800000	460000	70000	17.150258227443533	98.0%	0.14300000000000002	1.11359014264939
2	173780001	173860000	2	173780001	174290000	510000	80000	14.847405249978598	99.0%	0.02	1.1038031819752132
14	20040001	20130000	14	19690001	20130000	440000	90000	15.730031624692199	98.0%	0.128	1.1001969240688632
6	82700001	82790000	6	82700001	83370000	670000	90000	11.47795876681987	95.0%	0.076	1.0959877659519282
11	96830001	96920000	11	96240001	96920000	680000	90000	13.258781015230698	96.0%	0.088	1.0950606023879668
6	134620001	134690000	6	134620001	135010000	390000	70000	17.615855160858324	99.0%	0.032	1.0904644295927877
10	6840001	6920000	10	6840001	7280000	440000	80000	15.200901443575907	99.0%	0.031	1.0832516972556916
5	146660001	146740000	5	146660001	147320000	660000	80000	11.905703733895518	99.0%	0.0935	1.082842355047745
5	35830001	35900000	5	35830001	36280000	450000	70000	17.93489033371771	99.0%	0.043	1.0826455503625503
1	175850001	175940000	1	175570001	175940000	370000	90000	13.036357363800896	99.0%	0.091	1.0749571275951812
1	92590001	92680000	1	91370001	92680000	1310000	90000	5.75474642250338	95.0%	0.11	1.0747851892360036
1	152480001	152570000	1	152480001	153170000	690000	90000	10.317819933510465	98.0%	0.088	1.0687993488424283
1	54640001	54690000	1	54640001	55450000	810000	50000	10.577683824938191	96.0%	0.111	1.0553877274936498
12	81920001	82010000	12	81920001	82500000	580000	90000	10.470360563396506	97.0%	0.0295	1.0548918512423449
18	67420001	67510000	18	67420001	68290000	870000	90000	8.417407592781162	97.0%	0.04	1.0520468564995835
11	22970001	23050000	11	22970001	23510000	540000	80000	14.006127260342838	98.0%	0.1425	1.0464251776578923
6	98070001	98160000	6	98070001	99770000	1700000	90000	4.341213640413262	96.0%	0.132	1.0404073279794623
3	30540001	30630000	3	30540001	31140000	600000	90000	9.717784818377769	98.0%	0.118	1.0377968265616173
7	104150001	104240000	7	104150001	104620000	470000	90000	12.465927009915593	96.0%	0.048	1.0322272240007184
5	41730001	41800000	5	41010001	41800000	790000	70000	6.924930792609218	99.0%	0.091	1.0309254161816699
17	87200001	87290000	17	86510001	87290000	780000	90000	10.566438468577395	96.0%	0.1535	1.0243329019065321
2	35850001	35940000	2	35070001	35940000	870000	90000	12.083390298304543	95.0%	0.092	1.0219903303560545
1	155560001	155620000	1	155560001	155920000	360000	60000	12.691149439441995	99.0%	0.0565	1.0217368674494673
1	91510001	91600000	1	91510001	91970000	460000	90000	16.33669703175785	99.0%	0.016	1.0179885913337066
15	27290001	27370000	15	27290001	28250000	960000	80000	6.638001406630976	95.0%	0.047	1.0178447660512848
17	80000001	80080000	17	80000001	80560000	560000	80000	13.599153404017121	96.0%	0.135	1.0096891912461172
5	31440001	31530000	5	30770001	31530000	760000	90000	8.364393329609275	95.0%	0.067	1.000211218139617
11	79890001	79980000	11	79310001	79980000	670000	90000	11.331592027738182	97.0%	0.1	0.9766382259945132
10	118130001	118220000	10	118130001	118540000	410000	90000	11.008958981455189	99.0%	0.016	0.9698729250065198
15	12770001	12860000	15	11980001	12860000	880000	90000	8.394297643053115	97.0%	0.11649999999999999	0.9536946670131737
4	102190001	102260000	4	102190001	102980000	790000	70000	6.775218848898468	96.0%	0.092	0.9526044723925562
2	139560001	139630000	2	139560001	140220000	660000	70000	10.299926665586325	98.0%	0.19	0.9480128433992014
16	92260001	92340000	16	91620001	92340000	720000	80000	10.541878505295054	97.0%	0.131	0.9412026869786985
18	6680001	6750000	18	6680001	7580000	900000	70000	7.382529702234814	98.0%	0.091	0.9398832183920539
14	59580001	59650000	14	59580001	60290000	710000	70000	9.18838798645366	98.0%	0.108	0.9263308820038463
1	162280001	162360000	1	161710001	162360000	650000	80000	9.742424848129513	98.0%	0.116	0.9257103307007973
6	56800001	56890000	6	56800001	57490000	690000	90000	10.18253414242663	97.0%	0.042	0.9229772716760167
14	62410001	62500000	14	61310001	62500000	1190000	90000	6.5825630287556445	95.0%	0.174	0.921556592558155
2	90440001	90520000	2	90440001	91240000	800000	80000	10.192696839217302	96.0%	0.135	0.9159496688416361
8	22170001	22260000	8	22170001	22690000	520000	90000	13.674641312334321	98.0%	0.040999999999999995	0.9142619118303821
13	64000001	64070000	13	63330001	64070000	740000	70000	10.472767358298773	98.0%	0.15350000000000003	0.9021580252172327
14	60470001	60550000	14	60470001	60980000	510000	80000	11.40750375103785	96.0%	0.136	0.8974019925508312
8	34060001	34140000	8	33580001	34140000	560000	80000	12.315240450657708	97.0%	0.014	0.8901883634250991
7	25380001	25450000	7	25380001	25780000	400000	70000	17.812839246996198	99.0%	0.0505	0.8854578558740865
1	22240001	22310000	1	20710001	22310000	1600000	70000	4.585065523642407	96.0%	0.1785	0.8849853346630424
1	105840001	105930000	1	105840001	106980000	1140000	90000	7.830889914381631	97.0%	0.1925	0.8801803552120749
7	113110001	113190000	7	113110001	113620000	510000	80000	14.83887321920008	98.0%	0.098	0.8774908333690465
1	34180001	34270000	1	34180001	34600000	420000	90000	14.539232478837716	99.0%	0.0865	0.859953372598691
5	141950001	142030000	5	141950001	142330000	380000	80000	15.497881741736816	99.0%	0.0615	0.8597491309030137
4	3560001	3640000	4	3560001	3980000	420000	80000	14.684141771008374	98.0%	0.1445	0.8562382315580492
3	8920001	9010000	3	8920001	9900000	980000	90000	8.673729555913475	98.0%	0.10500000000000001	0.8560234243662955
5	137280001	137360000	5	137280001	137790000	510000	80000	12.431135636822995	98.0%	0.035	0.8406965149840043
9	51890001	51980000	9	51150001	51980000	830000	90000	11.010342560232235	96.0%	0.042	0.8315940709512307
1	136510001	136590000	1	136510001	137040000	530000	80000	13.258184500796508	99.0%	0.097	0.8173603423115077
1	177930001	178020000	1	177930001	178500000	570000	90000	7.109701676954247	98.0%	0.049	0.8161870005383585
19	8530001	8620000	19	8530001	9140000	610000	90000	13.593342444193265	96.0%	0.039	0.8146321647141366
9	66130001	66190000	9	66130001	67000000	870000	60000	10.784672010298936	98.0%	0.087	0.8138603761478795
14	114810001	114900000	14	114810001	115480000	670000	90000	8.65847392301302	96.0%	0.175	0.8077268191292838
8	67950001	68030000	8	67950001	68350000	400000	80000	13.6811652444018	98.0%	0.049	0.8066271225783033
5	117480001	117560000	5	117480001	118160000	680000	80000	9.082103191290987	97.0%	0.109	0.7870789220909732
13	48980001	49050000	13	48640001	49050000	410000	70000	19.04077719543923	99.0%	0.143	0.7860027058697209
15	96470001	96550000	15	96470001	97200000	730000	80000	11.316484239040564	98.0%	0.047	0.7790162118400918
17	85590001	85680000	17	84680001	85680000	1000000	90000	6.627540087443737	96.0%	0.166	0.7780192344540723
6	91530001	91600000	6	91530001	92080000	550000	70000	14.096196826209091	97.0%	0.03	0.7758874920106231
17	8590001	8660000	17	8590001	9020000	430000	70000	16.176060317132137	98.0%	0.054	0.7649542310566411
14	75850001	75940000	14	75850001	76480000	630000	90000	8.871468516725322	95.0%	0.151	0.7588453871075476
19	46980001	47070000	19	46560001	47070000	510000	90000	17.885228739262587	98.0%	0.149	0.7585402414927837
3	144570001	144640000	3	144180001	144640000	460000	70000	15.555202477717524	96.0%	0.073	0.7407497745793669
4	59330001	59420000	4	59330001	59880000	550000	90000	15.170774832984465	97.0%	0.041	0.7301017521038446
16	95300001	95380000	16	94780001	95380000	600000	80000	11.821880572147926	95.0%	0.1835	0.7295074700727002
7	139440001	139530000	7	139070001	139530000	460000	90000	15.50724593037206	98.0%	0.14550000000000002	0.7217920338992758
18	76960001	77030000	18	76320001	77030000	710000	70000	10.016015070605153	97.0%	0.082	0.717559188459475
15	72990001	73060000	15	72100001	73060000	960000	70000	7.651897261541078	95.0%	0.191	0.7125360937780204
4	107870001	107950000	4	107870001	108640000	770000	80000	10.344829258507923	98.0%	0.086	0.7054964163034371
15	40120001	40190000	15	39580001	40190000	610000	70000	11.071051607538132	97.0%	0.185	0.7015668731284245
9	88200001	88280000	9	88200001	88770000	570000	80000	11.655491766862852	96.0%	0.046	0.6983466535750114
17	32480001	32570000	17	32480001	32910000	430000	90000	13.9936029076997	98.0%	0.123	0.6840101323927968
5	99210001	99300000	5	99210001	100120000	910000	90000	7.961833910009547	96.0%	0.08	0.682406831030471
12	51360001	51440000	12	51360001	51810000	450000	80000	9.931219078477334	99.0%	0.169	0.6790612616914551
2	160850001	160920000	2	160580001	160920000	340000	70000	19.61899105626907	99.0%	0.069	0.6747400272834694
5	44230001	44310000	5	43670001	44310000	640000	80000	11.935060686802771	98.0%	0.0455	0.674265774391954
9	31550001	31610000	9	31550001	32240000	690000	60000	8.749922401722563	95.0%	0.173	0.6701789948744657
6	86100001	86170000	6	86100001	86720000	620000	70000	11.012406988280304	95.0%	0.053	0.6688295277988698
4	102450001	102510000	4	102450001	102880000	430000	60000	16.080067299756845	99.0%	0.066	0.6655744987896949
11	104560001	104650000	11	104560001	105140000	580000	90000	12.692202849125357	95.0%	0.059	0.6653050042584774
6	122050001	122140000	6	121590001	122140000	550000	90000	6.779567720109944	96.0%	0.142	0.6557326566216742
8	4470001	4540000	8	4130001	4540000	410000	70000	15.937749914400897	98.0%	0.075	0.6472570161479757
17	43230001	43310000	17	43230001	43680000	450000	80000	13.039716876568262	96.0%	0.103	0.632139972360359
16	38300001	38390000	16	38300001	38780000	480000	90000	12.863276941248527	95.0%	0.10700000000000001	0.6197081124188504
2	78930001	78990000	2	78930001	79650000	720000	60000	12.042603398659464	99.0%	0.155	0.6169382344717976
4	154030001	154120000	4	154030001	154770000	740000	90000	7.965938836144399	95.0%	0.123	0.6111043212387329
4	121990001	122070000	4	121990001	123110000	1120000	80000	4.118977188183156	95.0%	0.103	0.6097377236143601
14	16170001	16250000	14	14910001	16250000	1340000	80000	8.04250667891858	98.0%	0.1195	0.588471321908428
8	114730001	114820000	8	114730001	115650000	920000	90000	9.698189048844133	98.0%	0.0815	0.5866415063502822
7	3780001	3840000	7	3210001	3840000	630000	60000	4.228384883409923	98.0%	0.088	0.5681239655447861
12	75760001	75830000	12	75760001	76390000	630000	70000	9.074752058103615	98.0%	0.136	0.5657516571947248
2	132680001	132740000	2	132310001	132740000	430000	60000	16.441445775390854	99.0%	0.073	0.5651478773099066
18	73580001	73650000	18	72570001	73650000	1080000	70000	5.93618965903963	95.0%	0.148	0.5504246825011848
3	19850001	19920000	3	19130001	19920000	790000	70000	7.155493914533579	98.0%	0.119	0.5480196674512829
8	85250001	85320000	8	84790001	85320000	530000	70000	8.616071341614951	97.0%	0.11	0.5438216772135177
17	13440001	13510000	17	13440001	14230000	790000	70000	5.8262804429020125	95.0%	0.087	0.5391054735176851
13	89480001	89570000	13	88620001	89570000	950000	90000	7.000253113335715	97.0%	0.128	0.5374540167558709
6	117810001	117870000	6	117810001	118170000	360000	60000	15.644679770990633	99.0%	0.05	0.5349937386281691
9	42300001	42390000	9	42300001	42970000	670000	90000	10.709285261948484	98.0%	0.127	0.5312283759759502
9	68930001	69010000	9	68930001	69300000	370000	80000	20.104048099734552	99.0%	0.043	0.5297564529030836
1	191780001	191870000	1	190990001	191870000	880000	90000	9.480646633950109	97.0%	0.15100000000000002	0.5279227143314049
17	25270001	25320000	17	24960001	25320000	360000	50000	19.77896190150947	99.0%	0.0745	0.5259144683694483
10	42240001	42330000	10	41480001	42330000	850000	90000	11.085810501639429	97.0%	0.17	0.5108232485584383
1	176850001	176920000	1	176850001	177450000	600000	70000	10.847520626234799	99.0%	0.121	0.5036972452566045
13	107290001	107350000	13	107290001	108150000	860000	60000	8.051251481001922	97.0%	0.109	0.5005110747590622
X	159020001	159100000	X	159020001	159430000	410000	80000	5.718019482896607	98.0%	0.094	0.49871997083263747
1	119050001	119130000	1	119050001	120020000	970000	80000	6.255190397237211	96.0%	0.14	0.49776158746840626
4	101970001	102050000	4	100970001	102050000	1080000	80000	4.408848561446425	96.0%	0.1015	0.4894341769145033
7	73980001	74060000	7	73980001	74820000	840000	80000	7.885413358415972	95.0%	0.0835	0.4870615302910628
9	55880001	55950000	9	55400001	55950000	550000	70000	9.466781372697113	95.0%	0.107	0.48340072406658346
19	37900001	37990000	19	37900001	38450000	550000	90000	12.4229160164623	96.0%	0.156	0.4827024510104123
2	146590001	146680000	2	146590001	147320000	730000	90000	8.434441814352116	96.0%	0.111	0.48110910554890307
2	125150001	125230000	2	124050001	125230000	1180000	80000	4.426971854065774	95.0%	0.157	0.47508243023580576
8	106380001	106470000	8	106380001	106820000	440000	90000	13.315406823589154	95.0%	0.078	0.4620526495385203
11	3200001	3280000	11	3200001	3970000	770000	80000	14.908640528196296	95.0%	0.106	0.4620139125326479
9	88690001	88780000	9	88220001	88780000	560000	90000	4.6685261370076905	95.0%	0.14200000000000002	0.45979111754062046
12	34640001	34710000	12	34640001	35200000	560000	70000	10.872952663512581	97.0%	0.16899999999999998	0.4588567531510248
16	3230001	3290000	16	3230001	3720000	490000	60000	11.376273585565562	96.0%	0.143	0.45635521556445824
6	42540001	42630000	6	41550001	42630000	1080000	90000	6.306246784781207	95.0%	0.1505	0.4509428392798201
9	48610001	48680000	9	48610001	49100000	490000	70000	13.459149026504429	95.0%	0.113	0.4456018085181735
1	127470001	127530000	1	127470001	127850000	380000	60000	12.342551572031871	99.0%	0.064	0.4438519873826767
10	25660001	25730000	10	25660001	26600000	940000	70000	6.789376117099883	97.0%	0.196	0.4361203255576017
10	66880001	66950000	10	66880001	67300000	420000	70000	15.60599878995688	99.0%	0.162	0.43479137976388094
9	31060001	31140000	9	30530001	31140000	610000	80000	9.509311981212894	95.0%	0.107	0.43174755985084845
6	5340001	5420000	6	4400001	5420000	1020000	80000	7.126460338020909	95.0%	0.046	0.4291567834829287
2	140360001	140450000	2	139800001	140450000	650000	90000	7.507367716487884	97.0%	0.181	0.4130825675979675
11	16470001	16560000	11	16470001	17290000	820000	90000	7.632167878290078	97.0%	0.0865	0.4109153011879147
8	106660001	106750000	8	106660001	107220000	560000	90000	11.560405764322226	97.0%	0.0755	0.3956448014279811
6	34720001	34790000	6	34270001	34790000	520000	70000	12.20964264635889	98.0%	0.10350000000000001	0.39406022067275837
7	5570001	5640000	7	5570001	6020000	450000	70000	14.19714044564426	97.0%	0.09	0.3934802976579037
9	89250001	89330000	9	89250001	89670000	420000	80000	13.348907452746195	99.0%	0.08	0.39180976312974813
15	3160001	3240000	15	3160001	3920000	760000	80000	9.581906384997444	98.0%	0.0665	0.39162586097177776
11	86980001	87050000	11	86520001	87050000	530000	70000	19.13891318871627	99.0%	0.072	0.38606105131032287
15	88810001	88900000	15	88810001	89480000	670000	90000	11.049363259144823	95.0%	0.138	0.37670052869878906
5	129550001	129640000	5	129070001	129640000	570000	90000	10.591812624043923	95.0%	0.101	0.36787010845493995
14	47560001	47650000	14	47560001	48140000	580000	90000	9.440045480257565	97.0%	0.15000000000000002	0.36233408920213456
2	43660001	43750000	2	43660001	44350000	690000	90000	10.028983485258534	97.0%	0.115	0.3560236135131696
11	49070001	49150000	11	48770001	49150000	380000	80000	18.619205096608432	99.0%	0.0015	0.3408556286288485
1	62910001	63000000	1	62140001	63000000	860000	90000	7.442814565092596	95.0%	0.1955	0.3387072551279095
18	65450001	65530000	18	64970001	65530000	560000	80000	10.352127432070173	96.0%	0.123	0.33387692100652516
15	35260001	35350000	15	35260001	36050000	790000	90000	8.418264998515248	97.0%	0.172	0.3291172125730118
10	45320001	45410000	10	44970001	45410000	440000	90000	11.797453190608666	97.0%	0.1395	0.3276516778293163
11	52340001	52430000	11	51700001	52430000	730000	90000	13.946456433217339	97.0%	0.041	0.3271961273995645
15	38240001	38320000	15	38240001	38680000	440000	80000	18.151462817441033	99.0%	0.056999999999999995	0.32234776918284036
18	56570001	56640000	18	56570001	57090000	520000	70000	13.900493687724543	98.0%	0.0445	0.31082563836446386
6	146950001	147040000	6	146950001	147400000	450000	90000	13.407490433127554	98.0%	0.083	0.3105161880006142
15	51890001	51960000	15	51890001	52500000	610000	70000	8.533531043076817	97.0%	0.088	0.3064966356393751
10	82120001	82210000	10	81390001	82210000	820000	90000	7.283141329219315	95.0%	0.087	0.2958160631304867
13	107430001	107510000	13	107430001	108120000	690000	80000	12.03672949305042	98.0%	0.171	0.2835293426387422
1	161350001	161430000	1	161350001	162000000	650000	80000	11.22538815227945	97.0%	0.125	0.28103865911298914
17	55670001	55740000	17	55670001	56040000	370000	70000	10.862391344290694	98.0%	0.064	0.28098965057048475
16	25330001	25410000	16	25330001	25970000	640000	80000	8.232313703462511	95.0%	0.1815	0.27910740486953095
2	155740001	155810000	2	154900001	155810000	910000	70000	11.570807958221726	95.0%	0.155	0.27907368952370926
7	59610001	59690000	7	57040001	59690000	2650000	80000	1.9728641605477255	97.0%	0.064	0.27899952099782466
3	41160001	41240000	3	41160001	41730000	570000	80000	9.667111729611838	98.0%	0.179	0.2647929317532877
19	32470001	32540000	19	32470001	33210000	740000	70000	11.720052801053997	95.0%	0.062	0.2542056251259342
7	42940001	43000000	7	42940001	43200000	260000	60000	13.894023477118516	97.0%	0.1355	0.24975451378142882
13	30850001	30940000	13	30850001	31650000	800000	90000	7.83931702417441	95.0%	0.11299999999999999	0.24713148327846637
7	39410001	39500000	7	39410001	40040000	630000	90000	8.718414812185067	97.0%	0.162	0.2466061028272232
15	82770001	82840000	15	82770001	83460000	690000	70000	11.671143170850272	97.0%	0.15	0.24559006544838055
5	145600001	145680000	5	145600001	146110000	510000	80000	8.825410657395857	97.0%	0.06	0.24342319065860263
9	70380001	70440000	9	70380001	70970000	590000	60000	11.894808908724778	96.0%	0.181	0.23814992912345567
1	179470001	179540000	1	179470001	179840000	370000	70000	16.041195001832026	99.0%	0.093	0.23807745234472869
13	62790001	62880000	13	62210001	62880000	670000	90000	8.729626051955348	96.0%	0.192	0.23301436491812488
18	53950001	54030000	18	53950001	54960000	1010000	80000	6.218440218908748	96.0%	0.194	0.23113585535716877
10	22450001	22520000	10	22010001	22520000	510000	70000	5.55506977465689	97.0%	0.127	0.22663385261864488
17	26600001	26680000	17	26000001	26680000	680000	80000	13.000113267265299	95.0%	0.139	0.223997720873573
19	45540001	45630000	19	45540001	46010000	470000	90000	18.578248581480526	97.0%	0.05	0.21570051211682745
6	112680001	112760000	6	112680001	113390000	710000	80000	9.508099108704718	97.0%	0.106	0.21539038144304162
11	80400001	80480000	11	80400001	80870000	470000	80000	14.152297199128943	95.0%	0.125	0.21258500971084004
10	5770001	5860000	10	4230001	5860000	1630000	90000	4.088912723385608	96.0%	0.198	0.2094746701185876
3	53030001	53110000	3	53030001	53470000	440000	80000	10.953876591785901	98.0%	0.084	0.20515136763312336
10	19450001	19530000	10	18850001	19530000	680000	80000	13.876523153452604	98.0%	0.099	0.20354018501294582
19	45100001	45180000	19	44610001	45180000	570000	80000	12.019129895585914	96.0%	0.199	0.20129387054543996
2	78020001	78100000	2	78020001	79790000	1770000	80000	3.7238366299603594	95.0%	0.151	0.20079632124628483
4	63080001	63150000	4	62750001	63150000	400000	70000	16.366789254814254	99.0%	0.11850000000000001	0.1949052003432588
1	89130001	89210000	1	88720001	89210000	490000	80000	11.493907979651024	98.0%	0.073	0.19123581644799958
7	106230001	106290000	7	106230001	107970000	1740000	60000	2.2358803874392046	95.0%	0.121	0.1849924971210104
2	27560001	27650000	2	27560001	28430000	870000	90000	9.747397898635347	95.0%	0.084	0.1763487130120558
7	39140001	39230000	7	39140001	41050000	1910000	90000	1.8559351662695083	95.0%	0.123	0.17565780083196608
7	92070001	92150000	7	92070001	92980000	910000	80000	6.748610257164573	95.0%	0.095	0.17136904747835907
2	128860001	128930000	2	128860001	129700000	840000	70000	9.398185462170193	96.0%	0.148	0.16717530308542836
10	100400001	100480000	10	99650001	100480000	830000	80000	4.662238208543885	97.0%	0.124	0.16697606453679315
1	64390001	64470000	1	63650001	64470000	820000	80000	10.785449502916629	99.0%	0.1175	0.16140496530539786
17	42910001	43000000	17	42610001	43000000	390000	90000	13.248808746454428	95.0%	0.104	0.16011128852389642
3	94290001	94370000	3	94290001	94980000	690000	80000	9.864227569509978	98.0%	0.115	0.15747503989422265
13	19120001	19180000	13	19120001	19720000	600000	60000	9.616658296127877	99.0%	0.0625	0.15204244131805233
5	137110001	137180000	5	137110001	137500000	390000	70000	19.27543538834448	99.0%	0.025	0.13952491261951
14	64160001	64220000	14	64160001	64620000	460000	60000	16.03026970258119	99.0%	0.1975	0.13142194965852355
6	129500001	129560000	6	128690001	129560000	870000	60000	7.565469057119761	95.0%	0.148	0.12914483137248786
9	32540001	32610000	9	32120001	32610000	490000	70000	16.324405363855416	96.0%	0.139	0.1245416864808295
5	105280001	105370000	5	103960001	105370000	1410000	90000	5.096560721046231	95.0%	0.177	0.12441461975508364
1	171780001	171850000	1	171780001	172340000	560000	70000	15.944158728388173	99.0%	0.1115	0.12108362485247055
3	19510001	19590000	3	19510001	20330000	820000	80000	8.308571419363087	98.0%	0.155	0.10372436495764104
11	63120001	63200000	11	62720001	63200000	480000	80000	13.247253968997775	97.0%	0.16699999999999998	0.1003727131704453
2	155580001	155660000	2	155200001	155660000	460000	80000	20.106340841907187	98.0%	0.1295	0.09768434118870171
13	91870001	91960000	13	91870001	92570000	700000	90000	8.627031889636715	96.0%	0.163	0.0953384993064538
1	137990001	138060000	1	136760001	138060000	1300000	70000	8.145766720014183	95.0%	0.1345	0.08825964454139439
2	131780001	131870000	2	131780001	132210000	430000	90000	14.895944096625364	98.0%	0.056	0.07403889900469451
11	29480001	29570000	11	29120001	29570000	450000	90000	13.925903212313957	98.0%	0.139	0.07185486056550591
6	65110001	65190000	6	65110001	65880000	770000	80000	7.201530881167691	98.0%	0.142	0.061816615349779384
2	166550001	166620000	2	166550001	167040000	490000	70000	20.634233824162525	98.0%	0.061	0.05897068795071211
10	89420001	89510000	10	89420001	89900000	480000	90000	12.819942463297853	98.0%	0.0315	0.05755046946971867
12	33000001	33070000	12	33000001	33410000	410000	70000	17.620155500885925	99.0%	0.052	0.05692527406197687
18	61490001	61560000	18	61490001	61940000	450000	70000	12.430570646653	98.0%	0.063	0.051302012300816296
7	122430001	122510000	7	121990001	122510000	520000	80000	16.06712852177288	98.0%	0.059	0.04739247114968875
4	63500001	63550000	4	63500001	63920000	420000	50000	17.159280910164092	98.0%	0.0875	0.045782829801139915
3	21900001	21950000	3	21010001	21950000	940000	50000	9.518899563507398	95.0%	0.1005	0.04507883927975282
12	80950001	81040000	12	80950001	81630000	680000	90000	9.804158539667359	96.0%	0.1235	0.0421091117260066
4	116950001	117030000	4	116610001	117030000	420000	80000	13.533327225682953	96.0%	0.125	0.041364786174280355
6	134810001	134890000	6	134810001	135400000	590000	80000	13.022065789399822	95.0%	0.147	0.02852639791984082
12	75250001	75330000	12	75250001	75820000	570000	80000	10.38755402223876	95.0%	0.188	0.011682453869198611
7	84560001	84620000	7	84560001	84980000	420000	60000	12.429949307591292	98.0%	0.1745	0.009643229546164943
9	121230001	121300000	9	121230001	121660000	430000	70000	18.43544953486928	99.0%	0.024	0.002843695198860134
3	89310001	89390000	3	89310001	89840000	530000	80000	14.800081304540921	97.0%	0.194	0.002054626368682528
7	59610001	59680000	7	59610001	60290000	680000	70000	5.47639791071298	95.0%	0.14650000000000002	0.0010867616645892227
13	98810001	98900000	13	98810001	99250000	440000	90000	15.087463266669424	98.0%	0.1255	0.00031455426600831833
5	26140001	26230000	5	26140001	27450000	1310000	90000	4.592527105920997	95.0%	0.197	-0.003110337830214749
6	118040001	118100000	6	118040001	118410000	370000	60000	12.933217444701773	98.0%	0.179	-0.015421363323256785
5	38270001	38360000	5	38270001	38650000	380000	90000	16.44962150947917	98.0%	0.0685	-0.021225159884444816
12	12910001	13000000	12	12190001	13000000	810000	90000	9.825041173114961	98.0%	0.094	-0.022937220781219146
6	114650001	114740000	6	114250001	114740000	490000	90000	10.47232305424081	97.0%	0.064	-0.03182583446251597
13	32660001	32730000	13	31800001	32730000	930000	70000	7.935474735051321	96.0%	0.146	-0.03801848597276875
18	65260001	65350000	18	65260001	65760000	500000	90000	12.499947158311832	97.0%	0.181	-0.043806716921444916
1	16070001	16140000	1	16070001	16680000	610000	70000	9.86322741872972	99.0%	0.179	-0.05429171617603682
6	50490001	50560000	6	49690001	50560000	870000	70000	10.841179569294985	97.0%	0.184	-0.0642621752784839
16	22290001	22380000	16	22290001	23060000	770000	90000	9.484108881610679	95.0%	0.126	-0.06864872226402113
13	22820001	22900000	13	22820001	23410000	590000	80000	7.426970580996784	95.0%	0.104	-0.0745966543517898
2	91260001	91320000	2	91260001	91700000	440000	60000	15.954657284362495	96.0%	0.121	-0.08254547261835896
2	11250001	11340000	2	10780001	11340000	560000	90000	14.110073110593682	98.0%	0.1355	-0.0864747241902545
5	100040001	100100000	5	100040001	100550000	510000	60000	11.076601058017843	98.0%	0.107	-0.08712723302463915
2	150090001	150180000	2	150090001	151010000	920000	90000	6.336006010070296	95.0%	0.166	-0.09845039042027989
11	3640001	3700000	11	3210001	3700000	490000	60000	16.877895416225005	95.0%	0.158	-0.10511575848995054
10	25460001	25540000	10	24650001	25540000	890000	80000	8.073968151189682	95.0%	0.152	-0.11100117007920196
5	146570001	146640000	5	146020001	146640000	620000	70000	7.358803225362318	96.0%	0.182	-0.11283544973951404
18	52930001	53010000	18	52930001	53660000	730000	80000	7.606928212618812	97.0%	0.195	-0.11769636362415527
2	26610001	26690000	2	26610001	27250000	640000	80000	12.86752272444641	96.0%	0.041999999999999996	-0.1288537308374997
12	52000001	52070000	12	52000001	52900000	900000	70000	6.929430818114128	95.0%	0.1125	-0.13149646826177291
1	97660001	97740000	1	97010001	97740000	730000	80000	9.373616723865641	96.0%	0.083	-0.13323012863836065
1	164330001	164390000	1	164330001	165140000	810000	60000	10.212555150388122	99.0%	0.148	-0.14001193441194845
7	131460001	131550000	7	131460001	131860000	400000	90000	11.627646600398007	97.0%	0.133	-0.14497986478603428
9	121750001	121840000	9	121460001	121840000	380000	90000	19.260315148274998	99.0%	0.068	-0.14555048237277163
19	41610001	41690000	19	41610001	42150000	540000	80000	13.929650908192196	95.0%	0.1275	-0.14988596785301733
6	120510001	120590000	6	120510001	121110000	600000	80000	14.467252684768658	97.0%	0.128	-0.15101237276078922
8	35510001	35590000	8	35510001	36570000	1060000	80000	8.990594849068437	97.0%	0.107	-0.15300563257818722
1	13120001	13200000	1	13120001	13690000	570000	80000	15.035904480918887	99.0%	0.179	-0.15592984180781558
3	65340001	65420000	3	65340001	66010000	670000	80000	11.001541835690368	99.0%	0.198	-0.1561319575106151
11	49120001	49210000	11	49120001	49690000	570000	90000	12.180983304023949	95.0%	0.121	-0.17013351408062702
10	96600001	96680000	10	96600001	96980000	380000	80000	19.36287560022997	99.0%	0.1535	-0.17351286193108878
10	56300001	56370000	10	55010001	56370000	1360000	70000	3.8760013893783096	95.0%	0.16749999999999998	-0.1763782468827843
17	79980001	80070000	17	79650001	80070000	420000	90000	18.875466519172207	98.0%	0.0295	-0.19179018489483632
15	97630001	97720000	15	97630001	98140000	510000	90000	15.591969466100771	96.0%	0.039	-0.1926860656692761
16	44460001	44550000	16	44460001	45120000	660000	90000	9.563549397566739	97.0%	0.0995	-0.20057209335369433
2	155030001	155110000	2	155030001	155470000	440000	80000	16.618141236636212	98.0%	0.1405	-0.22329938185823595
16	30570001	30640000	16	30570001	31080000	510000	70000	15.293373817085557	99.0%	0.157	-0.22435914304640753
11	76230001	76320000	11	76230001	76640000	410000	90000	19.544610016625736	98.0%	0.034	-0.24088638275210053
2	89260001	89340000	2	88540001	89340000	800000	80000	5.461231242543724	95.0%	0.14200000000000002	-0.24459415075503013
4	109440001	109530000	4	109440001	109960000	520000	90000	11.342053770142691	95.0%	0.0715	-0.25240781863311257
17	35260001	35350000	17	35260001	35810000	550000	90000	13.17370266578769	95.0%	0.06	-0.2590746428694012
10	87450001	87540000	10	86950001	87540000	590000	90000	8.236926920328361	96.0%	0.135	-0.26074590366650674
15	84230001	84310000	15	84230001	84600000	370000	80000	19.501503755745087	99.0%	0.153	-0.26215461700598464
4	99890001	99980000	4	99630001	99980000	350000	90000	13.616718167839453	96.0%	0.091	-0.2635770235275434
1	30740001	30810000	1	30740001	31240000	500000	70000	11.45647089412074	98.0%	0.163	-0.26525897547415916
14	49090001	49140000	14	47650001	49140000	1490000	50000	4.373395492797099	96.0%	0.191	-0.26574086512892914
1	84870001	84950000	1	84320001	84950000	630000	80000	8.213973723583145	96.0%	0.193	-0.26965304148995595
10	118350001	118430000	10	117350001	118430000	1080000	80000	5.550951700787492	98.0%	0.0375	-0.27178461208506116
2	139930001	140020000	2	139590001	140020000	430000	90000	15.224026374274318	98.0%	0.073	-0.2803133325806293
12	52470001	52540000	12	52470001	52850000	380000	70000	14.389002457944894	99.0%	0.0885	-0.2807117434571524
12	79580001	79660000	12	79580001	80420000	840000	80000	10.33439644807054	95.0%	0.1355	-0.2836258817154643
7	110260001	110320000	7	110260001	110860000	600000	60000	10.885171998118473	95.0%	0.069	-0.3015639825461416
12	16480001	16550000	12	15510001	16550000	1040000	70000	8.556140013955742	99.0%	0.097	-0.30883889951180377
1	20900001	20980000	1	20900001	21320000	420000	80000	18.2920702901031	99.0%	0.04	-0.3103853084389293
4	73700001	73790000	4	73300001	73790000	490000	90000	7.637033034766983	95.0%	0.185	-0.32910206765438144
1	156190001	156270000	1	155810001	156270000	460000	80000	14.004880125305297	96.0%	0.023	-0.3540820920262448
16	78390001	78480000	16	78390001	78980000	590000	90000	10.933855847436003	95.0%	0.073	-0.3714081163991153
2	91450001	91530000	2	91100001	91530000	430000	80000	16.979912771780015	99.0%	0.054	-0.37469688095011944
2	129000001	129080000	2	128670001	129080000	410000	80000	15.154241915397456	97.0%	0.077	-0.3754658928758531
2	32080001	32140000	2	31510001	32140000	630000	60000	16.002224296699996	96.0%	0.121	-0.37923777947045295
7	11440001	11500000	7	11440001	12380000	940000	60000	3.815879954701815	96.0%	0.183	-0.3848487902769246
4	9110001	9170000	4	9110001	9570000	460000	60000	12.85359183522813	99.0%	0.152	-0.3859713506259824
19	53350001	53430000	19	53350001	53930000	580000	80000	14.970317602908233	96.0%	0.132	-0.4122129345122755
3	83900001	83990000	3	83900001	84310000	410000	90000	14.465972591371797	99.0%	0.065	-0.41561179882238436
10	38800001	38890000	10	36980001	38890000	1910000	90000	3.4905429916081037	95.0%	0.182	-0.4161022875979144
13	15970001	16050000	13	15970001	17710000	1740000	80000	4.994708839795167	96.0%	0.1905	-0.4225091477877183
9	51120001	51210000	9	51120001	51970000	850000	90000	10.288457052850259	96.0%	0.192	-0.4357178460301015
4	33110001	33140000	4	32230001	33140000	910000	30000	11.069534501017431	96.0%	0.069	-0.46039030100146106
10	42930001	43020000	10	41900001	43020000	1120000	90000	8.338959388269334	97.0%	0.1505	-0.4862664545991583
19	47310001	47400000	19	47310001	47820000	510000	90000	16.34604985050005	98.0%	0.083	-0.4866794832486578
8	104910001	105000000	8	104680001	105000000	320000	90000	14.283633196397087	98.0%	0.0495	-0.4871391435849422
11	30200001	30280000	11	29740001	30280000	540000	80000	12.629254843471132	98.0%	0.0545	-0.4873391815467978
2	120830001	120910000	2	120340001	120910000	570000	80000	14.572232725142904	98.0%	0.035	-0.5028275393597206
14	15870001	15940000	14	14990001	15940000	950000	70000	8.882923165617486	95.0%	0.074	-0.5059554421692466
9	69330001	69400000	9	69330001	69780000	450000	70000	15.701668915366318	98.0%	0.146	-0.5065068230584193
9	46180001	46270000	9	45470001	46270000	800000	90000	12.142205516594139	96.0%	0.1185	-0.5332022577832841
6	108730001	108820000	6	108730001	109500000	770000	90000	8.373458703723498	97.0%	0.125	-0.5454556039160191
4	139690001	139780000	4	139690001	140190000	500000	90000	12.295016451301185	95.0%	0.123	-0.556325558187832
11	49620001	49700000	11	49620001	50420000	800000	80000	11.082361918960174	97.0%	0.191	-0.5617164049731317
3	96390001	96450000	3	94910001	96450000	1540000	60000	5.810626902694807	97.0%	0.038	-0.5745407738538194
3	102640001	102730000	3	102640001	102980000	340000	90000	14.777952716498769	96.0%	0.10350000000000001	-0.5755559365271968
12	55270001	55360000	12	55270001	55850000	580000	90000	13.468688579334158	98.0%	0.047	-0.5780665015274441
12	106230001	106300000	12	106230001	106940000	710000	70000	10.555061422951544	98.0%	0.105	-0.5841870588917527
14	77910001	77980000	14	77440001	77980000	540000	70000	10.516193878840452	98.0%	0.1585	-0.5848854983357433
2	163300001	163370000	2	162900001	163370000	470000	70000	17.086445525141958	99.0%	0.05	-0.5864996846434859
6	128820001	128900000	6	128820001	129350000	530000	80000	15.359803115383842	99.0%	0.029	-0.5963104780767841
3	138610001	138680000	3	138610001	139250000	640000	70000	11.5140061269992	99.0%	0.1975	-0.6030751960352905
16	44010001	44100000	16	43460001	44100000	640000	90000	10.261648021014079	96.0%	0.1955	-0.6073883969054508
1	88700001	88790000	1	88020001	88790000	770000	90000	10.162114559577823	96.0%	0.181	-0.6147691737311366
3	96260001	96350000	3	96260001	96660000	400000	90000	16.828291218620254	99.0%	0.013000000000000001	-0.6199789864296935
14	75330001	75420000	14	75330001	75700000	370000	90000	15.439522744068519	98.0%	0.075	-0.6222395733020725
8	70890001	70960000	8	70890001	71540000	650000	70000	9.755101843983253	96.0%	0.189	-0.6240910258212873
14	31580001	31660000	14	31040001	31660000	620000	80000	13.93274979753704	97.0%	0.1	-0.6255074121033595
6	119190001	119260000	6	119190001	119940000	750000	70000	9.498770316266516	97.0%	0.15	-0.6390134894976175
19	57140001	57210000	19	57140001	57700000	560000	70000	14.314697875368859	95.0%	0.125	-0.6469555641792598
4	130810001	130870000	4	130810001	131790000	980000	60000	6.284414484641473	97.0%	0.1245	-0.6532215174185354
5	104950001	105040000	5	104950001	105680000	730000	90000	10.64179068327082	96.0%	0.037	-0.6769393491939844
11	23670001	23730000	11	23670001	24260000	590000	60000	14.321714180139958	95.0%	0.114	-0.684476162189005
10	117160001	117240000	10	116310001	117240000	930000	80000	9.241105264390823	95.0%	0.197	-0.6927344625343891
8	81770001	81850000	8	81370001	81850000	480000	80000	14.354907686900624	99.0%	0.099	-0.693547361380426
10	3300001	3390000	10	3300001	3950000	650000	90000	12.076329401001463	97.0%	0.176	-0.6974287719252893
3	20640001	20710000	3	20640001	22610000	1970000	70000	3.9828584324181437	95.0%	0.189	-0.7375611013926187
1	167160001	167240000	1	167160001	167680000	520000	80000	11.95375511949523	98.0%	0.11649999999999999	-0.7518009834815585
16	87500001	87580000	16	87500001	88630000	1130000	80000	6.967767184389658	95.0%	0.176	-0.7863626851896605
2	132460001	132530000	2	131940001	132530000	590000	70000	10.788046543072634	96.0%	0.194	-0.7889323196828872
2	143970001	144060000	2	143970001	144580000	610000	90000	12.333017717831005	97.0%	0.166	-0.7889636545503366
10	111480001	111540000	10	111480001	111980000	500000	60000	14.201570304182368	99.0%	0.1075	-0.7907242872758864
1	154770001	154860000	1	154770001	155550000	780000	90000	7.819705418200568	95.0%	0.153	-0.7909886212358094
7	4090001	4180000	7	4090001	5050000	960000	90000	9.11268161936306	97.0%	0.037	-0.7957593201560766
15	12040001	12110000	15	11610001	12110000	500000	70000	12.571739131064145	97.0%	0.154	-0.821151641926056
7	3570001	3630000	7	3570001	4150000	580000	60000	10.803593742363121	99.0%	0.1555	-0.825248413198304
17	53340001	53420000	17	51010001	53420000	2410000	80000	3.135226136902785	96.0%	0.16	-0.8371886960017081
14	120210001	120270000	14	120210001	120800000	590000	60000	11.333814079929114	97.0%	0.161	-0.8808350602988654
3	121700001	121770000	3	121140001	121770000	630000	70000	10.864801868818375	99.0%	0.038	-0.8834932689637452
13	64280001	64370000	13	64280001	64770000	490000	90000	12.447055895280863	95.0%	0.181	-0.889039293974372
9	62240001	62330000	9	62240001	62760000	520000	90000	14.455240633979404	98.0%	0.139	-0.8951852403751132
13	21670001	21750000	13	21670001	22040000	370000	80000	14.179868636209802	99.0%	0.095	-0.9321995474007677
4	88820001	88890000	4	87720001	88890000	1170000	70000	6.187697149186632	96.0%	0.088	-0.9550815098577338
9	58500001	58580000	9	58500001	58940000	440000	80000	15.029499747954553	99.0%	0.1445	-0.972704854557356
16	19950001	20010000	16	19950001	20580000	630000	60000	10.004481896904213	96.0%	0.157	-0.9741967895872085
15	38470001	38530000	15	37960001	38530000	570000	60000	12.188124465635717	98.0%	0.073	-0.9787589628390923
10	83490001	83560000	10	82750001	83560000	810000	70000	8.23360527733941	98.0%	0.044	-0.9797508245039791
12	108980001	109050000	12	108980001	109410000	430000	70000	14.097248298398126	98.0%	0.099	-1.009977151369749
2	11660001	11740000	2	11310001	11740000	430000	80000	20.162723836772635	99.0%	0.015	-1.0108966389085592
2	174480001	174570000	2	174480001	174930000	450000	90000	16.785737291595034	98.0%	0.084	-1.0383413005880184
15	85680001	85750000	15	85310001	85750000	440000	70000	15.68198095938301	97.0%	0.095	-1.0427715332560996
1	173430001	173500000	1	173430001	174230000	800000	70000	7.820527115202786	99.0%	0.173	-1.0726433026691948
5	138080001	138160000	5	137300001	138160000	860000	80000	6.932894790017147	96.0%	0.101	-1.0804858803026594
9	117040001	117100000	9	117040001	117570000	530000	60000	13.732410567848284	99.0%	0.151	-1.0870994859373497
14	121420001	121490000	14	120850001	121490000	640000	70000	11.23654201208164	98.0%	0.1425	-1.0925421731957168
8	123430001	123520000	8	123430001	124840000	1410000	90000	5.6736582923939505	95.0%	0.172	-1.0992712492856018
5	123430001	123500000	5	123430001	123980000	550000	70000	16.31442748934191	98.0%	0.195	-1.1136814233946473
13	51650001	51730000	13	51650001	52500000	850000	80000	11.595795409892343	97.0%	0.198	-1.1565593693143414
13	35060001	35130000	13	35060001	35950000	890000	70000	8.460028601437546	97.0%	0.182	-1.160387194936935
5	143540001	143610000	5	143540001	143990000	450000	70000	16.149245917721508	99.0%	0.125	-1.169366694249341
1	87910001	87990000	1	87430001	87990000	560000	80000	16.791706989091153	99.0%	0.067	-1.170202632962454
16	95940001	96000000	16	95300001	96000000	700000	60000	14.084179627157702	99.0%	0.018	-1.1782888773354259
7	13250001	13330000	7	12780001	13330000	550000	80000	10.933662889130073	95.0%	0.022	-1.17995592356942
15	52680001	52770000	15	52680001	53350000	670000	90000	9.417740587051057	95.0%	0.189	-1.2010606898907041
18	24260001	24350000	18	24260001	24680000	420000	90000	13.856477142417823	98.0%	0.126	-1.2125139812892558
15	73180001	73250000	15	72510001	73250000	740000	70000	9.301799062942747	98.0%	0.0565	-1.2175555296421792
1	119550001	119620000	1	119160001	119620000	460000	70000	11.567844648316443	97.0%	0.1755	-1.2191653246559675
2	168620001	168710000	2	168250001	168710000	460000	90000	14.212179902199843	98.0%	0.0945	-1.2358103600776764
11	63870001	63960000	11	63870001	64930000	1060000	90000	7.779852975188913	95.0%	0.099	-1.3097078331958067
8	13520001	13600000	8	13520001	14130000	610000	80000	14.968439811942984	98.0%	0.108	-1.313316359979986
1	106700001	106770000	1	105990001	106770000	780000	70000	11.5546530974372	96.0%	0.0645	-1.3185749706902268
2	117440001	117530000	2	116880001	117530000	650000	90000	11.130742020587109	98.0%	0.058	-1.3633302358607522
11	78550001	78620000	11	78550001	79470000	920000	70000	12.567431692091777	97.0%	0.1725	-1.3739879732037392
4	141570001	141660000	4	141230001	141660000	430000	90000	15.290449682575078	98.0%	0.074	-1.377398609763828
18	32870001	32930000	18	32870001	33600000	730000	60000	11.047278042595032	98.0%	0.069	-1.399408844170302
10	37050001	37140000	10	37050001	38510000	1460000	90000	7.146345914995201	96.0%	0.052500000000000005	-1.4220143554399265
2	68730001	68810000	2	68730001	69600000	870000	80000	8.542822142171271	97.0%	0.091	-1.4498996651446616
17	6040001	6130000	17	6040001	6870000	830000	90000	10.758302814817306	97.0%	0.173	-1.460097524693292
6	34170001	34250000	6	33240001	34250000	1010000	80000	8.77111632259197	98.0%	0.09	-1.5168824199031143
7	122170001	122260000	7	122170001	122880000	710000	90000	11.883069974922293	96.0%	0.054	-1.526129425636129
4	137910001	137990000	4	137670001	137990000	320000	80000	21.29749938636598	96.0%	0.0975	-1.530122932880352
13	17380001	17460000	13	15990001	17460000	1470000	80000	5.59464809316987	96.0%	0.073	-1.6139864169047842
2	118430001	118510000	2	118430001	118890000	460000	80000	18.232089649152226	99.0%	0.0265	-1.6166590447649352
1	134100001	134160000	1	133010001	134160000	1150000	60000	7.726330114723528	95.0%	0.16	-1.630243952709183
18	4220001	4290000	18	4220001	4750000	530000	70000	14.346695232522944	99.0%	0.119	-1.6523710457050786
8	122580001	122670000	8	122580001	123300000	720000	90000	16.187109415166372	98.0%	0.0635	-1.7001408174517019
11	117170001	117260000	11	117170001	117800000	630000	90000	17.20904219294973	95.0%	0.144	-1.7579882900051955
11	83180001	83250000	11	82890001	83250000	360000	70000	16.746457885467695	98.0%	0.009	-1.8106349122125305
17	8140001	8220000	17	7860001	8220000	360000	80000	14.182037550624438	97.0%	0.04	-1.8327020758226573
9	25110001	25200000	9	25110001	25590000	480000	90000	15.917804138343712	99.0%	0.0945	-1.937055161948376
17	7140001	7230000	17	6710001	7230000	520000	90000	14.636106990954993	97.0%	0.0385	-1.9700802223206524
7	128300001	128380000	7	128300001	128670000	370000	80000	23.02696704748175	99.0%	0.053	-2.1234707080988606
14	53070001	53160000	14	53070001	55110000	2040000	90000	3.1212607618848653	95.0%	0.129	-2.1896751040831655
5	105100001	105180000	5	105100001	105910000	810000	80000	7.584310039557708	95.0%	0.178	-2.281148073307389
19	5710001	5800000	19	5710001	6350000	640000	90000	16.520237394687168	95.0%	0.038000000000000006	-2.337821289456833
4	106760001	106850000	4	106760001	107370000	610000	90000	15.005480436761335	99.0%	0.046	-2.376637904897239
4	155230001	155300000	4	154860001	155300000	440000	70000	20.36561495510768	99.0%	0.0905	-2.4117129179821633
19	34220001	34280000	19	34220001	34950000	730000	60000	13.776068501311846	96.0%	0.16	-2.4258795076953468
14	8550001	8630000	14	8550001	9790000	1240000	80000	5.683916919480234	97.0%	0.1535	-2.4849898468001754
6	136570001	136660000	6	136570001	136980000	410000	90000	15.449754196662203	98.0%	0.134	-2.5072117810810988
18	3970001	4020000	18	3480001	4020000	540000	50000	14.243453057172085	98.0%	0.119	-2.520096057469486
2	75720001	75800000	2	75260001	75800000	540000	80000	15.264050650177511	97.0%	0.182	-2.5614954138203276
10	41670001	41730000	10	41280001	41730000	450000	60000	18.12502147459075	99.0%	0.067	-2.5864876177085914
6	129230001	129280000	6	128780001	129280000	500000	50000	18.696492818229657	99.0%	0.010499999999999999	-2.617480387356828
5	124250001	124340000	5	123610001	124340000	730000	90000	14.29035092551412	98.0%	0.061	-2.6583076667726604
15	53320001	53410000	15	52490001	53410000	920000	90000	9.270746231923741	96.0%	0.1115	-2.694707121152891
10	41970001	42050000	10	41970001	42870000	900000	80000	10.80997477435168	98.0%	0.1915	-2.7401439778013796
4	6970001	7040000	4	6970001	7580000	610000	70000	13.153975230683375	98.0%	0.13	-2.773396201495378
2	71800001	71870000	2	71130001	71870000	740000	70000	12.352776822836535	98.0%	0.1935	-2.8258423688156844
5	140270001	140360000	5	139820001	140360000	540000	90000	18.619313703953754	99.0%	0.04	-2.908870850959203
16	76530001	76620000	16	76210001	76620000	410000	90000	17.872050994473476	97.0%	0.147	-3.150552877631881
3	50370001	50460000	3	50370001	50880000	510000	90000	13.220728742119578	98.0%	0.157	-3.340077336628525
14	78640001	78700000	14	78640001	79600000	960000	60000	8.943407875485535	98.0%	0.07	-3.3908750270855608
14	54140001	54230000	14	53380001	54230000	850000	90000	12.849809151858924	96.0%	0.033	-3.5844829377120053
5	72670001	72740000	5	72250001	72740000	490000	70000	15.32822181421714	96.0%	0.178	-3.59664893052739
7	58540001	58630000	7	58540001	59310000	770000	90000	11.670103579147437	98.0%	0.053	-3.66531266893776
6	119910001	119990000	6	119910001	120500000	590000	80000	13.757424952998475	98.0%	0.159	-3.8409688947477205
16	75750001	75800000	16	75750001	77140000	1390000	50000	7.852421575499152	95.0%	0.098	-3.953061235966173
18	76390001	76470000	18	76390001	77350000	960000	80000	7.130423107169491	95.0%	0.133	-4.206908616420279
6	120170001	120250000	6	119780001	120250000	470000	80000	18.29090895172614	99.0%	0.081	-4.522523627730019
8	124340001	124420000	8	123710001	124420000	710000	80000	13.948817412548815	98.0%	0.119	-4.943293927936778
1	60820001	60900000	1	60150001	60900000	750000	80000	14.533509020085239	99.0%	0.073	-4.955991764270248
4	6530001	6600000	4	6530001	8120000	1590000	70000	6.621847819068252	97.0%	0.193	-5.008548812871097
6	99030001	99110000	6	99030001	99520000	490000	80000	17.04157612817507	99.0%	0.198	-5.077456868606416
1	191280001	191370000	1	191280001	192120000	840000	90000	13.335687319190978	97.0%	0.0465	-5.081954874756296
13	43840001	43910000	13	43840001	44820000	980000	70000	11.99804923309934	99.0%	0.15150000000000002	-5.096882667498812
12	15540001	15630000	12	15540001	16500000	960000	90000	9.379282610952862	99.0%	0.1565	-6.167675802990147
11	5080001	5160000	11	5080001	5770000	690000	80000	19.069936908772153	99.0%	0.17	-6.508435772622158
5	65950001	66040000	5	65240001	66040000	800000	90000	11.45679272760788	97.0%	0.14600000000000002	-6.77240495633595
4	7660001	7720000	4	6490001	7720000	1230000	60000	8.85687393335088	96.0%	0.07	-12.596786370807296
