chr	pos1	pos2	chr2	pos3	pos4	length	width	Mean	maxpixel	pvalue	Stripiness
1	128800001	128845000	1	128340001	128845000	505000	45000	5.074679530558224	99.0%	0.01	20.175214502965606
16	23980001	24015000	16	23980001	24755000	775000	35000	3.748035676988739	95.0%	0.002	19.325026548495746
14	54225001	54290000	14	54225001	54685000	460000	65000	6.366536498901954	95.0%	0.002	19.265738297989984
9	33065001	33125000	9	32375001	33125000	750000	60000	3.9111276285625887	95.0%	0.004	18.03021753156193
16	10555001	10595000	16	10555001	10875000	320000	40000	7.441211398102158	99.0%	0.003	15.867411394928324
6	71130001	71185000	6	71130001	71820000	690000	55000	4.2375026616725755	98.0%	0.003	15.662235337673172
1	166130001	166170000	1	165625001	166170000	545000	40000	4.514053115175497	99.0%	0.005	15.103874518186887
18	56355001	56390000	18	56355001	56650000	295000	35000	7.286987870588619	99.0%	0.002	14.891927626959085
1	182950001	182995000	1	182950001	183330000	380000	45000	4.907794104214734	95.0%	0.004	13.713152725626717
12	31955001	31990000	12	31955001	32250000	295000	35000	7.148282115357249	98.0%	0.003	12.785828278041901
10	21980001	22025000	10	21275001	22025000	750000	45000	3.3647277176400303	95.0%	0.042	12.699391100654944
7	128680001	128720000	7	128220001	128720000	500000	40000	5.181168959932161	99.0%	0.025500000000000002	12.66018859998502
8	35450001	35485000	8	34825001	35485000	660000	35000	4.250542773132844	99.0%	0.0495	12.270357323457299
3	40505001	40555000	3	40505001	40835000	330000	50000	5.5694845275115785	95.0%	0.004	11.755990246115633
7	67195001	67270000	7	67195001	67650000	455000	75000	4.970471993377173	95.0%	0.004	11.649478371476068
12	110400001	110455000	12	110400001	110900000	500000	55000	4.1904720054721105	96.0%	0.0035	10.893927347315277
1	157045001	157100000	1	156620001	157100000	480000	55000	4.778580292588739	97.0%	0.017	10.739101336695379
10	8175001	8260000	10	7800001	8260000	460000	85000	5.211770964171425	97.0%	0.007	10.518402466076267
4	144865001	144930000	4	144865001	145430000	565000	65000	4.676078348540455	95.0%	0.005	10.484492023375664
11	116440001	116480000	11	115945001	116480000	535000	40000	6.700202591847716	95.0%	0.001	10.37222566369958
4	10895001	10935000	4	10895001	11190000	295000	40000	7.445346143991862	99.0%	0.006	10.007956537947537
5	124575001	124620000	5	124575001	124875000	300000	45000	7.795866677789466	97.0%	0.0025	9.983124191692413
4	130525001	130575000	4	130130001	130575000	445000	50000	4.709507820145149	95.0%	0.002	9.773033403607261
2	27265001	27305000	2	27265001	27565000	300000	40000	7.704028344268252	99.0%	0.004	9.70201409562621
15	58940001	58980000	15	58940001	59375000	435000	40000	5.9878959493342245	99.0%	0.017	9.672998376231241
12	99075001	99130000	12	99075001	99905000	830000	55000	3.1454963813865104	98.0%	0.02	9.641220702527942
8	57770001	57830000	8	57425001	57830000	405000	60000	5.03437701316807	96.0%	0.019	9.565248609807771
15	66665001	66700000	15	66665001	67000000	335000	35000	7.2706186712615635	98.0%	0.004	9.46719913422193
2	173520001	173580000	2	173095001	173580000	485000	60000	5.492625624256731	96.0%	0.026	9.455203996881012
15	36690001	36720000	15	36495001	36720000	225000	30000	8.921424226054405	99.0%	0.016	9.375619405034536
7	73615001	73655000	7	73415001	73655000	240000	40000	7.043841502101903	98.0%	0.0055	9.359856222177086
9	123770001	123855000	9	123505001	123855000	350000	85000	7.367974300697496	95.0%	0.005	9.19131180765719
8	25255001	25295000	8	25255001	25750000	495000	40000	4.653036805883661	96.0%	0.01	9.080016868975965
10	122535001	122570000	10	122535001	123140000	605000	35000	4.1231620026513145	99.0%	0.013	9.0573642516045
1	38995001	39030000	1	38995001	39315000	320000	35000	6.926936471680514	99.0%	0.002	9.03656680910602
1	51595001	51650000	1	50880001	51650000	770000	55000	2.9486076965626733	96.0%	0.004	8.772127388762705
10	93040001	93085000	10	93040001	93595000	555000	45000	4.809440353654021	98.0%	0.005	8.7362880862804
10	60295001	60335000	10	60295001	60780000	485000	40000	5.494057387116365	97.0%	0.003	8.580635468831307
8	105565001	105610000	8	105565001	105970000	405000	45000	6.483505594264546	99.0%	0.009	8.52168672941636
19	53390001	53430000	19	53390001	53640000	250000	40000	9.794088543558592	99.0%	0.008	8.464062065078037
6	135350001	135420000	6	135015001	135420000	405000	70000	5.35756131470018	95.0%	0.009	8.452322920553728
14	118595001	118640000	14	118595001	119025000	430000	45000	4.793960322581471	97.0%	0.0055	8.392158268829945
2	11320001	11350000	2	11320001	11720000	400000	30000	5.32820093916551	99.0%	0.003	8.37918568691348
9	32910001	32955000	9	32575001	32955000	380000	45000	6.809510899412417	98.0%	0.0095	8.339996062480688
15	59385001	59420000	15	59385001	59865000	480000	35000	4.677142775323356	99.0%	0.0155	8.320992192137442
9	114395001	114430000	9	114395001	114630000	235000	35000	9.318604371999063	98.0%	0.004	8.318202497860561
1	156045001	156105000	1	156045001	157085000	1040000	60000	2.6597609138775016	95.0%	0.003	8.24509029548619
1	167205001	167240000	1	167205001	167420000	215000	35000	8.415544919986441	97.0%	0.005	8.217091592272071
7	102390001	102450000	7	101990001	102450000	460000	60000	4.8958709536376235	96.0%	0.031	8.170015005412205
14	51885001	51930000	14	51885001	52210000	325000	45000	5.910151335239352	98.0%	0.005	8.163237944423736
9	20885001	20950000	9	20885001	21150000	265000	65000	9.749974565778826	97.0%	0.008	8.041975318859649
17	80165001	80210000	17	79830001	80210000	380000	45000	5.97148377582874	98.0%	0.0125	7.819253446980047
X	103470001	103500000	X	103470001	104000000	530000	30000	1.6728074765072753	97.0%	0.08449999999999999	7.814034535880285
7	68300001	68385000	7	67640001	68385000	745000	85000	3.687046346014854	95.0%	0.008	7.5970019055912195
17	30990001	31035000	17	30990001	31315000	325000	45000	6.777279032540501	97.0%	0.007	7.456159753546251
2	166765001	166805000	2	166575001	166805000	230000	40000	9.698941387453917	98.0%	0.0765	7.381486767641002
6	52235001	52315000	6	52235001	53010000	775000	80000	2.7555538439385194	96.0%	0.014	7.266092959531654
18	80715001	80750000	18	80460001	80750000	290000	35000	7.055956498599928	98.0%	0.0165	7.16368915369457
2	27210001	27260000	2	26915001	27260000	345000	50000	7.512246153782032	99.0%	0.011	7.042314779219572
5	136650001	136725000	5	136285001	136725000	440000	75000	6.713280917188703	97.0%	0.0235	6.983875084733276
1	36515001	36565000	1	36515001	36765000	250000	50000	8.103837942099444	99.0%	0.008	6.916997128494547
8	94315001	94350000	8	94315001	94580000	265000	35000	8.682969029032325	97.0%	0.005	6.864973704650672
14	79105001	79145000	14	79105001	79495000	390000	40000	4.656632726512887	97.0%	0.0075	6.860441282014222
8	107095001	107125000	8	107095001	107330000	235000	30000	8.61338899971906	99.0%	0.013	6.8594789872558835
15	8575001	8630000	15	8265001	8630000	365000	55000	5.741043624134135	99.0%	0.015	6.6869439577710805
19	33215001	33250000	19	32705001	33250000	545000	35000	4.830891732008754	99.0%	0.092	6.647215017155356
1	182125001	182175000	1	182125001	182555000	430000	50000	4.345021615088139	98.0%	0.005	6.629623436975635
1	127185001	127215000	1	127185001	127490000	305000	30000	6.628590692950577	99.0%	0.008	6.626268622851245
9	45375001	45430000	9	44830001	45430000	600000	55000	4.6519320481809	96.0%	0.014499999999999999	6.596014181642545
8	15020001	15065000	8	14870001	15065000	195000	45000	9.672485812628684	98.0%	0.022	6.587801331526024
1	152500001	152555000	1	152500001	152855000	355000	55000	5.307068798426722	97.0%	0.006	6.575513206019383
14	44945001	45005000	14	44945001	45410000	465000	60000	3.620927639758159	95.0%	0.009	6.52162671451153
2	103545001	103580000	2	103545001	103905000	360000	35000	6.596181129104343	95.0%	0.0035	6.50402557674585
6	50295001	50365000	6	50295001	50545000	250000	70000	7.942890142691922	98.0%	0.011	6.407107237703299
5	124875001	124930000	5	124875001	125330000	455000	55000	5.09365635364609	97.0%	0.012	6.358257248014603
11	20440001	20475000	11	20440001	20820000	380000	35000	6.582774213887183	98.0%	0.005	6.350752275013007
8	69900001	69940000	8	69900001	70225000	325000	40000	6.671626574855853	97.0%	0.006	6.31566065574429
5	107595001	107635000	5	107595001	107905000	310000	40000	7.120481730119171	98.0%	0.0095	6.2283971703618874
7	67770001	67820000	7	67770001	68365000	595000	50000	3.886048687846908	98.0%	0.012	6.202817432947937
13	13495001	13525000	13	13495001	13700000	205000	30000	8.613389726350814	99.0%	0.006	6.197800590229408
6	114715001	114745000	6	114715001	115055000	340000	30000	5.677389843075837	98.0%	0.006	6.183888184389723
8	120785001	120820000	8	120605001	120820000	215000	35000	8.836169201926484	98.0%	0.044	6.083432929630014
16	25040001	25090000	16	24030001	25090000	1060000	50000	2.4110516569502085	97.0%	0.0515	6.079800954265369
12	70485001	70530000	12	70485001	70920000	435000	45000	5.023046914223512	96.0%	0.007	6.0660429193626895
3	135695001	135760000	3	135245001	135760000	515000	65000	4.029376352512926	96.0%	0.066	6.042332192607486
12	76980001	77060000	12	76980001	77690000	710000	80000	3.483728011186103	95.0%	0.0115	5.95016896232635
6	37575001	37610000	6	37575001	38075000	500000	35000	4.566474789500137	99.0%	0.016	5.90757539107877
4	95000001	95070000	4	95000001	95930000	930000	70000	2.8340733472981654	95.0%	0.055	5.905371054740491
12	85285001	85320000	12	85040001	85320000	280000	35000	7.074257245752068	99.0%	0.048	5.901486716490344
1	176870001	176890000	1	176870001	177720000	850000	20000	2.880934058796718	99.0%	0.006	5.9002473684083
6	127120001	127175000	6	127120001	127500000	380000	55000	5.105265016865845	97.0%	0.0075	5.890853715561483
7	82250001	82295000	7	81810001	82295000	485000	45000	4.3202292541091785	95.0%	0.011	5.821428408976869
4	155085001	155125000	4	155085001	155460000	375000	40000	6.457354486878952	95.0%	0.021	5.7980504387693275
7	63740001	63785000	7	63740001	64370000	630000	45000	3.3118878747431695	99.0%	0.0165	5.770556905821764
7	142300001	142350000	7	142300001	142580000	280000	50000	7.1694966162790355	99.0%	0.011	5.72172635090056
3	100970001	101005000	3	100970001	101415000	445000	35000	5.467919869082062	98.0%	0.008	5.694297782654533
6	145330001	145370000	6	145075001	145370000	295000	40000	6.597747710380762	97.0%	0.037	5.682608058307712
7	4530001	4575000	7	4530001	4970000	440000	45000	5.224319594277527	98.0%	0.016	5.678517297033256
5	64370001	64405000	5	64370001	64880000	510000	35000	5.149575089322783	98.0%	0.020999999999999998	5.554254827715441
7	132220001	132245000	7	132220001	132560000	340000	25000	5.640386839364472	99.0%	0.0225	5.5250361915580255
2	166570001	166610000	2	166570001	166890000	320000	40000	8.053159681842965	98.0%	0.015	5.478739655785465
3	130055001	130095000	3	129825001	130095000	270000	40000	5.8059508847923516	99.0%	0.053000000000000005	5.445751208697952
7	139455001	139490000	7	139190001	139490000	300000	35000	5.9658774940299475	99.0%	0.0545	5.420813545493067
18	80475001	80505000	18	80475001	80860000	385000	30000	4.894846410958807	97.0%	0.033	5.408612112665418
1	57410001	57450000	1	57410001	58150000	740000	40000	2.9673438132006624	97.0%	0.0365	5.187282057949544
9	41985001	42020000	9	41985001	42295000	310000	35000	6.3216798583742735	99.0%	0.009	5.176847173611328
12	86065001	86100000	12	85820001	86100000	280000	35000	6.045015657129059	98.0%	0.076	5.139444787503699
6	71790001	71830000	6	71410001	71830000	420000	40000	5.516144999561465	96.0%	0.0375	5.082886702079968
2	35860001	35940000	2	35545001	35940000	395000	80000	5.908330505649706	98.0%	0.011	5.0519722553254365
1	43280001	43320000	1	43280001	43650000	370000	40000	5.613670175151955	99.0%	0.014	5.04627543909357
2	131070001	131110000	2	131070001	131555000	485000	40000	4.567383852783582	95.0%	0.008	5.0433459488088
15	53330001	53370000	15	53095001	53370000	275000	40000	6.635850994709888	97.0%	0.061	5.026860053430827
2	58030001	58065000	2	58030001	58470000	440000	35000	4.623376018278249	95.0%	0.005	4.992166106409057
12	69730001	69770000	12	69730001	70075000	345000	40000	5.592802819640067	98.0%	0.023	4.862304350767494
14	60785001	60820000	14	60785001	61230000	445000	35000	3.341015764850559	97.0%	0.016	4.861205441081866
14	60500001	60545000	14	60500001	60790000	290000	45000	4.995315589289577	98.0%	0.0195	4.850338975275045
9	45130001	45160000	9	44795001	45160000	365000	30000	6.843792873614496	97.0%	0.036	4.826839624502152
12	84140001	84190000	12	84140001	84365000	225000	50000	8.503890825113942	97.0%	0.016	4.799940228838707
11	117850001	117890000	11	117850001	118320000	470000	40000	6.155120749804101	95.0%	0.007	4.784793668875778
1	165755001	165795000	1	165755001	166155000	400000	40000	5.289859629519729	98.0%	0.0135	4.764364827748991
2	167885001	167920000	2	167505001	167920000	415000	35000	6.373731153044182	99.0%	0.009	4.751271932981008
17	29855001	29900000	17	29525001	29900000	375000	45000	6.122809561437882	96.0%	0.027	4.73481244746357
1	133365001	133405000	1	133365001	133695000	330000	40000	6.397194037114105	98.0%	0.037500000000000006	4.716247011688695
9	62540001	62570000	9	62275001	62570000	295000	30000	6.516905814658245	99.0%	0.064	4.70079955092556
11	5440001	5490000	11	5100001	5490000	390000	50000	7.864304145449401	99.0%	0.016	4.699776064190037
3	101795001	101840000	3	101245001	101840000	595000	45000	3.782110503759869	96.0%	0.044	4.668745586286944
17	52445001	52480000	17	51730001	52480000	750000	35000	3.1202181402514593	96.0%	0.0235	4.647500396531387
12	33010001	33050000	12	33010001	33435000	425000	40000	5.005306724398289	95.0%	0.011	4.646200474315717
3	59700001	59760000	3	59105001	59760000	655000	60000	2.7897868323098756	96.0%	0.022	4.608369190175672
15	67065001	67120000	15	66610001	67120000	510000	55000	4.616199280019672	97.0%	0.0125	4.605753606092277
1	171800001	171845000	1	171800001	172120000	320000	45000	6.10389896890288	97.0%	0.014	4.564221066494395
5	134170001	134220000	5	134170001	134490000	320000	50000	7.4280123571835714	98.0%	0.027	4.56405530084604
7	80125001	80165000	7	80125001	80320000	195000	40000	10.121300321527144	99.0%	0.074	4.513713532212016
11	44975001	45025000	11	44515001	45025000	510000	50000	4.385136860115795	98.0%	0.027	4.507209927736254
6	119475001	119535000	6	119475001	120135000	660000	60000	4.340721481919718	97.0%	0.028999999999999998	4.486109688422426
15	82790001	82830000	15	82790001	83150000	360000	40000	5.403387208347405	98.0%	0.07350000000000001	4.47515091237079
12	85490001	85530000	12	85490001	85785000	295000	40000	6.824666656166628	95.0%	0.03	4.467906335533185
8	105690001	105745000	8	105690001	106080000	390000	55000	6.879803396243438	97.0%	0.006	4.458784218516536
16	4295001	4335000	16	4295001	4625000	330000	40000	5.427867162750657	98.0%	0.009999999999999998	4.4570398586372315
9	44445001	44485000	9	44445001	44760000	315000	40000	9.256130552350283	98.0%	0.01	4.447118123069478
4	118990001	119025000	4	118990001	119215000	225000	35000	7.027797421269935	98.0%	0.004	4.37328592249275
6	146390001	146430000	6	146390001	146685000	295000	40000	7.4057281076835695	98.0%	0.042	4.363744830146923
10	61190001	61220000	10	61190001	61415000	225000	30000	8.60905593341677	97.0%	0.021	4.350617038632697
8	72245001	72280000	8	72245001	72585000	340000	35000	6.115478130555261	98.0%	0.0225	4.334950022593625
3	52245001	52275000	3	52245001	53010000	765000	30000	3.18253747930461	99.0%	0.078	4.325472373581265
1	64430001	64465000	1	63720001	64465000	745000	35000	3.0909122925913017	98.0%	0.017	4.322079819077373
6	30340001	30390000	6	30065001	30390000	325000	50000	6.320939020731819	98.0%	0.05	4.319444495918423
16	10860001	10910000	16	10860001	11425000	565000	50000	3.9768139566713905	95.0%	0.015	4.312670681611165
13	62900001	62940000	13	62900001	63380000	480000	40000	4.476281123657109	98.0%	0.0125	4.304797018629919
3	129290001	129330000	3	129290001	129710000	420000	40000	3.8242558078290863	96.0%	0.035	4.299538598307606
5	105845001	105885000	5	105405001	105885000	480000	40000	4.171695923682344	99.0%	0.029	4.269471905062035
4	102475001	102510000	4	102475001	102725000	250000	35000	6.991418504071339	97.0%	0.0135	4.26694617745444
10	40510001	40550000	10	40035001	40550000	515000	40000	4.453854520038468	97.0%	0.034	4.2654061621926145
8	122815001	122890000	8	122305001	122890000	585000	75000	4.821183949204472	96.0%	0.028	4.250861921340096
13	30545001	30585000	13	30545001	30995000	450000	40000	4.337012828671442	96.0%	0.0885	4.2294461407304
16	29715001	29750000	16	29715001	30255000	540000	35000	3.8695541172582977	99.0%	0.0495	4.223794317251418
8	36325001	36380000	8	35860001	36380000	520000	55000	3.6584155296955845	95.0%	0.028	4.157426176642141
11	89285001	89320000	11	88965001	89320000	355000	35000	5.142092607227373	99.0%	0.042	4.151057244473602
17	84370001	84405000	17	83875001	84405000	530000	35000	4.740094260208271	98.0%	0.036500000000000005	4.137253372343493
7	97405001	97445000	7	97405001	98030000	625000	40000	3.771272194550345	97.0%	0.022	4.074342328639289
17	26620001	26660000	17	26275001	26660000	385000	40000	5.836207415019344	96.0%	0.047	4.066834459009127
16	30480001	30545000	16	30255001	30545000	290000	65000	6.128977348105669	96.0%	0.026000000000000002	4.032093779920748
6	51190001	51225000	6	51190001	51895000	705000	35000	3.0383560385217074	96.0%	0.017	4.023213498390604
11	117345001	117390000	11	117085001	117390000	305000	45000	8.68711164804537	99.0%	0.023	3.97385195173396
10	111915001	111985000	10	111070001	111985000	915000	70000	2.204154943655136	96.0%	0.093	3.9658799514270764
8	125840001	125890000	8	125050001	125890000	840000	50000	2.8679617587894386	95.0%	0.037	3.960748670807648
3	146160001	146200000	3	145925001	146200000	275000	40000	6.637416560601643	98.0%	0.084	3.9552111383304585
10	4300001	4355000	10	3985001	4355000	370000	55000	6.039751909208528	95.0%	0.0865	3.940536206741024
2	160865001	160910000	2	160585001	160910000	325000	45000	5.6305589237730045	95.0%	0.02	3.920422865979615
6	86645001	86705000	6	86415001	86705000	290000	60000	7.114305337867247	95.0%	0.035500000000000004	3.9110195891315986
17	29490001	29535000	17	29270001	29535000	265000	45000	6.783341557300295	98.0%	0.049	3.870386021161074
13	109885001	109925000	13	109770001	109925000	155000	40000	10.442652861043458	99.0%	0.088	3.866124668096666
17	56540001	56570000	17	56335001	56570000	235000	30000	7.805224357083684	99.0%	0.055	3.821967514166058
5	111385001	111455000	5	111385001	112040000	655000	70000	3.3952781009944615	96.0%	0.016	3.8177853465012617
1	37230001	37270000	1	36700001	37270000	570000	40000	4.321365008391951	95.0%	0.08349999999999999	3.8060505623948577
7	75115001	75155000	7	75115001	75760000	645000	40000	2.6551443994129174	95.0%	0.014	3.8041653848790324
15	28155001	28200000	15	27855001	28200000	345000	45000	4.9330387679950425	98.0%	0.07	3.8007291907215173
4	149770001	149855000	4	149770001	150105000	335000	85000	7.239521152846415	95.0%	0.003	3.7979716604658496
6	143160001	143215000	6	142995001	143215000	220000	55000	8.08862412331353	98.0%	0.057999999999999996	3.769617010397142
19	7030001	7095000	19	7030001	7435000	405000	65000	5.975738975781871	96.0%	0.017	3.7512356444491015
17	5420001	5455000	17	5420001	5800000	380000	35000	5.4689916305250605	98.0%	0.023	3.7372381320340757
1	177670001	177720000	1	176885001	177720000	835000	50000	2.8485800185065755	96.0%	0.059	3.6999482540554007
12	35820001	35855000	12	35185001	35855000	670000	35000	2.562433979600685	95.0%	0.05	3.646843728274953
2	160565001	160600000	2	160135001	160600000	465000	35000	4.254714480425828	97.0%	0.039	3.6303539794286865
9	57990001	58025000	9	57770001	58025000	255000	35000	7.892723847423895	99.0%	0.085	3.6134975800572975
3	38790001	38870000	3	38210001	38870000	660000	80000	2.52437614408363	99.0%	0.08349999999999999	3.6009623875688983
12	82070001	82125000	12	82070001	82480000	410000	55000	5.613523353582793	95.0%	0.091	3.592439596610365
12	99820001	99870000	12	99090001	99870000	780000	50000	3.1009224469921373	95.0%	0.07250000000000001	3.5920642696475014
8	124340001	124380000	8	123770001	124380000	610000	40000	4.950844588285896	95.0%	0.0405	3.586220451171946
1	90635001	90670000	1	90635001	90960000	325000	35000	5.17164550895427	98.0%	0.011	3.5630586585489867
5	31550001	31610000	5	31550001	32210000	660000	60000	3.576271513005358	98.0%	0.07	3.540257151579482
13	108310001	108350000	13	108135001	108350000	215000	40000	7.111423558982197	97.0%	0.03	3.5156933902999334
11	69855001	69895000	11	69670001	69895000	225000	40000	11.115316479975618	99.0%	0.092	3.505120720341237
6	86905001	86940000	6	86735001	86940000	205000	35000	9.472370990565306	99.0%	0.046	3.4946300507934502
6	134635001	134675000	6	134635001	135005000	370000	40000	5.160671679177668	97.0%	0.009	3.486029409267055
10	42015001	42055000	10	42015001	42300000	285000	40000	6.97943150278554	97.0%	0.041	3.4835209293415765
14	27170001	27195000	14	27170001	27565000	395000	25000	5.247393762205184	96.0%	0.047	3.4813160084446766
3	135275001	135310000	3	135275001	135740000	465000	35000	4.336930686057938	97.0%	0.043	3.4557687454981347
5	36695001	36765000	5	36430001	36765000	335000	70000	6.3937815525796315	95.0%	0.007	3.4368939705083634
6	91720001	91765000	6	91450001	91765000	315000	45000	6.028092762355438	97.0%	0.067	3.393976817946049
12	85320001	85390000	12	85320001	85605000	285000	70000	6.611426803357218	96.0%	0.018	3.3911338616990077
4	139840001	139890000	4	139645001	139890000	245000	50000	5.592115286532469	97.0%	0.039	3.38932843994536
1	106695001	106730000	1	106465001	106730000	265000	35000	7.148652598565301	97.0%	0.06	3.3854406967765223
7	110280001	110310000	7	110280001	110685000	405000	30000	4.368169273985086	98.0%	0.02	3.379971194124076
6	103295001	103330000	6	103295001	103715000	420000	35000	4.284720547071442	95.0%	0.02	3.375570540246342
13	107085001	107125000	13	106810001	107125000	315000	40000	5.642985073438355	98.0%	0.085	3.372874819488103
5	134485001	134525000	5	134485001	134705000	220000	40000	7.503346893241442	97.0%	0.006500000000000001	3.3547953675798
14	25555001	25595000	14	24880001	25595000	715000	40000	3.4287736549395924	97.0%	0.073	3.3364569553104944
5	35850001	35890000	5	35850001	36065000	215000	40000	8.157822958549467	97.0%	0.012	3.297089827393793
6	136415001	136460000	6	136415001	136625000	210000	45000	8.118234533292107	98.0%	0.0305	3.2908225458644695
9	58010001	58065000	9	58010001	58300000	290000	55000	6.680816955510446	97.0%	0.013000000000000001	3.288107171378018
9	110930001	110970000	9	110720001	110970000	250000	40000	8.450228723543917	99.0%	0.0235	3.2853195717477455
6	119210001	119240000	6	119210001	119405000	195000	30000	8.132080249292292	99.0%	0.01	3.2734246657562465
9	118585001	118625000	9	118585001	118910000	325000	40000	6.6741084195236535	99.0%	0.048	3.2666502080736395
4	117495001	117550000	4	117265001	117550000	285000	55000	6.459602061454216	98.0%	0.055	3.25318722819057
7	80370001	80405000	7	80370001	80870000	500000	35000	5.3871981217735465	95.0%	0.014	3.2409843250725396
1	184170001	184250000	1	183835001	184250000	415000	80000	4.849813337660481	97.0%	0.082	3.202718500289712
12	79600001	79635000	12	79600001	80145000	545000	35000	3.7855859031701256	99.0%	0.056	3.1942369082469546
19	9895001	9935000	19	9895001	10100000	205000	40000	8.898894322395387	97.0%	0.006	3.189531548307555
4	130770001	130805000	4	130770001	130965000	195000	35000	7.051599253823989	98.0%	0.006	3.1851391265189157
15	77735001	77795000	15	77735001	77960000	225000	60000	9.809125644186247	98.0%	0.007	3.1808363672983457
2	83995001	84080000	2	83995001	84530000	535000	85000	3.310641566753636	95.0%	0.044	3.1662377513130093
2	172820001	172865000	2	172820001	173190000	370000	45000	6.3339977283617115	96.0%	0.021	3.1471024388870155
7	118970001	119040000	7	118560001	119040000	480000	70000	3.793472931000064	95.0%	0.039	3.1457350026906314
7	128185001	128245000	7	127760001	128245000	485000	60000	5.091352547772561	97.0%	0.05	3.143089237454362
8	34165001	34230000	8	34165001	35195000	1030000	65000	3.1827475665437217	95.0%	0.026	3.1406718592919316
5	143020001	143075000	5	142705001	143075000	370000	55000	4.951949961430293	96.0%	0.028	3.1316193861476815
10	19670001	19720000	10	18905001	19720000	815000	50000	3.4631243818406268	98.0%	0.061	3.120932926913679
2	131930001	131965000	2	131810001	131965000	155000	35000	10.132075137196294	99.0%	0.068	3.112816630256981
2	22845001	22880000	2	22620001	22880000	260000	35000	6.965912551300903	99.0%	0.013	3.1039099238954715
11	5270001	5320000	11	5270001	5725000	455000	50000	6.62267813565804	97.0%	0.006	3.099647633570702
1	183505001	183540000	1	183505001	184490000	985000	35000	1.9625736680597083	96.0%	0.014	3.0726347263843135
4	47220001	47255000	4	47220001	47515000	295000	35000	6.603793635152114	96.0%	0.02	3.0710671122606086
1	156235001	156315000	1	156235001	156570000	335000	80000	6.075558335581962	97.0%	0.01	3.060750913096395
1	37260001	37315000	1	37260001	37615000	355000	55000	5.469373900250847	96.0%	0.015	3.0516956114080456
4	19675001	19735000	4	19675001	19965000	290000	60000	5.555690807483232	95.0%	0.0125	3.0503931401226456
17	49955001	49985000	17	49955001	50360000	405000	30000	4.94976133504199	98.0%	0.011	3.033970742257102
X	166645001	166700000	X	166645001	167155000	510000	55000	1.518679492304222	95.0%	0.099	3.0115848468624558
4	88670001	88755000	4	88670001	88880000	210000	85000	7.0630404865105465	97.0%	0.002	3.008835398447585
15	84590001	84645000	15	84210001	84645000	435000	55000	5.021860635948679	96.0%	0.037	2.986789034991635
8	34050001	34110000	8	33765001	34110000	345000	60000	5.036818364734603	97.0%	0.003	2.978645626727117
9	72400001	72435000	9	71825001	72435000	610000	35000	5.193248043000737	99.0%	0.035500000000000004	2.9760045282171643
9	110065001	110120000	9	109875001	110120000	245000	55000	8.497075217945248	97.0%	0.033	2.9582857286067417
1	143790001	143845000	1	143790001	144205000	415000	55000	4.004602045433118	97.0%	0.015	2.9552731610301755
2	38360001	38395000	2	37820001	38395000	575000	35000	4.119506149330006	97.0%	0.066	2.9500603173999065
17	13460001	13500000	17	13460001	13920000	460000	40000	3.1996229635317652	97.0%	0.0095	2.9376327489601093
10	34305001	34345000	10	33945001	34345000	400000	40000	4.634984820799273	95.0%	0.094	2.9373575332290938
14	121255001	121315000	14	121255001	121580000	325000	60000	6.163109050493312	95.0%	0.027	2.928784241395071
12	102320001	102405000	12	101940001	102405000	465000	85000	4.178697562273146	95.0%	0.036	2.9254632096845787
11	102390001	102450000	11	102205001	102450000	245000	60000	8.335365578493576	97.0%	0.009	2.9172336518183073
18	10520001	10545000	18	10520001	10895000	375000	25000	4.929228932458061	98.0%	0.018	2.888383442129758
4	120575001	120610000	4	120575001	120795000	220000	35000	6.661075274321063	98.0%	0.027000000000000003	2.8699198344336283
6	121170001	121205000	6	121170001	121375000	205000	35000	7.500856832553178	98.0%	0.01	2.868170812714792
2	91275001	91305000	2	91275001	91505000	230000	30000	7.324853074174743	99.0%	0.0775	2.861716021425509
11	49065001	49130000	11	48775001	49130000	355000	65000	5.323353310044251	95.0%	0.002	2.839050234638335
17	83260001	83290000	17	83260001	83855000	595000	30000	4.067962165145672	97.0%	0.029	2.827992622920821
19	24940001	24975000	19	24940001	25195000	255000	35000	5.687559831048205	98.0%	0.044	2.8272403557388457
15	96515001	96555000	15	96515001	96790000	275000	40000	6.484483848102875	96.0%	0.052	2.8057396065773625
5	106775001	106815000	5	106350001	106815000	465000	40000	3.7761350563704306	96.0%	0.079	2.7667744592400005
17	8925001	8960000	17	8600001	8960000	360000	35000	5.379331411678074	96.0%	0.043	2.757202549775777
4	59320001	59355000	4	58990001	59355000	365000	35000	6.151929604829134	97.0%	0.088	2.7473260726519095
10	26865001	26915000	10	26135001	26915000	780000	50000	2.542573505860778	95.0%	0.039	2.7432249395810393
13	52605001	52650000	13	52225001	52650000	425000	45000	4.772643691982479	96.0%	0.079	2.7404177739624536
1	75120001	75190000	1	75120001	75410000	290000	70000	6.1618268907856555	96.0%	0.0205	2.734967582241465
7	97950001	98000000	7	97505001	98000000	495000	50000	3.564887243384002	97.0%	0.078	2.72793304094327
7	98420001	98495000	7	98420001	98825000	405000	75000	5.7433223209674	96.0%	0.023	2.7271505284124506
11	90600001	90640000	11	90195001	90640000	445000	40000	4.27213081226219	96.0%	0.026	2.7233631585798475
11	109835001	109880000	11	109225001	109880000	655000	45000	3.104182227734002	96.0%	0.031	2.693462477347824
8	57420001	57450000	8	57420001	57815000	395000	30000	4.546016374020226	96.0%	0.048	2.6828210111995356
7	66085001	66125000	7	66085001	66315000	230000	40000	7.06320235949472	99.0%	0.016	2.6803669867940694
19	45800001	45835000	19	45800001	46030000	230000	35000	8.28134038982012	98.0%	0.037	2.676865220386962
9	64075001	64115000	9	63900001	64115000	215000	40000	7.838742743617069	98.0%	0.051	2.6701630420696802
10	122795001	122830000	10	122795001	123110000	315000	35000	6.140795128271021	96.0%	0.057	2.6668056852553086
4	88805001	88880000	4	88685001	88880000	195000	75000	7.4676983622103545	99.0%	0.002	2.649621345161101
15	81880001	81935000	15	81575001	81935000	360000	55000	6.6544172715544825	96.0%	0.043	2.6473738475486464
4	136645001	136695000	4	136645001	137140000	495000	50000	4.346708246182521	96.0%	0.045	2.639819076960513
10	85205001	85245000	10	85205001	85660000	455000	40000	4.268458997491583	98.0%	0.039	2.6338180010451375
4	129945001	129975000	4	129945001	130195000	250000	30000	6.484102108676367	97.0%	0.0485	2.600023805650032
2	174650001	174695000	2	174335001	174695000	360000	45000	5.19658949498209	98.0%	0.08	2.5973482033514905
6	145810001	145850000	6	145810001	146350000	540000	40000	3.7444211091419763	97.0%	0.037	2.5851573738930873
3	30580001	30610000	3	30580001	31145000	565000	30000	2.9013940364751707	98.0%	0.044	2.5688142513072574
6	98510001	98560000	6	98510001	99575000	1065000	50000	1.9601782795303504	96.0%	0.041	2.5568224361648615
1	55720001	55770000	1	55175001	55770000	595000	50000	3.279495279424985	95.0%	0.065	2.5547198206999786
9	53235001	53270000	9	53235001	53670000	435000	35000	4.314471283183636	97.0%	0.016	2.5378398464489598
15	74730001	74805000	15	74730001	75135000	405000	75000	5.482122876920699	97.0%	0.005	2.5333278116058455
3	75200001	75250000	3	75200001	75625000	425000	50000	3.3203552818346593	98.0%	0.036	2.5316667387299936
3	123155001	123185000	3	123155001	123360000	205000	30000	6.415417806227471	99.0%	0.022	2.528369917996335
2	90455001	90495000	2	90455001	90770000	315000	40000	6.031950652614464	98.0%	0.011	2.5238146580082907
5	112860001	112895000	5	112860001	113090000	230000	35000	6.143925359827861	96.0%	0.0305	2.5144010443290323
12	17740001	17815000	12	17490001	17815000	325000	75000	6.11020545038459	97.0%	0.024	2.5010941694307145
9	48630001	48670000	9	48630001	48960000	330000	40000	5.28383986220964	96.0%	0.026	2.4986202539542073
11	78825001	78860000	11	78825001	79300000	475000	35000	5.323994100634545	95.0%	0.021	2.4940911731938664
2	49745001	49790000	2	49745001	50240000	495000	45000	3.735828318289159	97.0%	0.018	2.484351574970059
2	132660001	132730000	2	132440001	132730000	290000	70000	5.777353554385185	98.0%	0.069	2.4796840168654337
15	85870001	85940000	15	85870001	86225000	355000	70000	6.243230890269639	95.0%	0.016	2.4690491133940458
2	35280001	35315000	2	35280001	35520000	240000	35000	8.680526367321594	99.0%	0.019000000000000003	2.4595034733943923
1	74185001	74220000	1	74185001	74475000	290000	35000	5.688669501715936	95.0%	0.055999999999999994	2.43303822894377
6	120530001	120565000	6	120530001	120815000	285000	35000	7.584483910424929	98.0%	0.013	2.419057861792587
2	151480001	151530000	2	151480001	151745000	265000	50000	6.296911477930806	98.0%	0.03	2.411866005098729
17	79995001	80045000	17	79640001	80045000	405000	50000	5.288014944971772	96.0%	0.048	2.4067245114249913
8	90795001	90845000	8	90795001	91150000	355000	50000	4.971655681516506	95.0%	0.018	2.4026644937385453
2	116880001	116925000	2	116880001	117495000	615000	45000	2.8571122160011444	95.0%	0.027	2.39384288139026
17	31670001	31705000	17	31670001	32180000	510000	35000	4.514179364595752	95.0%	0.033	2.3761702354282495
14	56755001	56815000	14	56555001	56815000	260000	60000	5.303128231520309	97.0%	0.0965	2.3753084268714417
11	106740001	106780000	11	106525001	106780000	255000	40000	9.673348896797364	98.0%	0.083	2.3732362221122796
7	99485001	99520000	7	99485001	99880000	395000	35000	5.529833567461577	98.0%	0.02	2.367286372383389
9	51315001	51355000	9	51315001	51955000	640000	40000	3.550268246071625	97.0%	0.0245	2.3595660006119608
7	49100001	49140000	7	48740001	49140000	400000	40000	4.749349677987863	98.0%	0.095	2.3386232266621647
7	101650001	101685000	7	101650001	102085000	435000	35000	4.7826386215169725	96.0%	0.074	2.3323981777710143
10	42295001	42330000	10	42295001	43035000	740000	35000	2.88098696121314	95.0%	0.025500000000000002	2.327531501931786
14	7790001	7840000	14	7790001	8045000	255000	50000	5.660330554877353	96.0%	0.035	2.312477061128831
1	155000001	155045000	1	155000001	155530000	530000	45000	4.132719864897595	96.0%	0.015	2.2913711013685276
1	105875001	105915000	1	105875001	106195000	320000	40000	5.247748815946852	96.0%	0.024	2.2906392410395715
18	65290001	65325000	18	65290001	65500000	210000	35000	7.0012289999489825	99.0%	0.062	2.2899482206823807
14	21120001	21160000	14	21120001	21690000	570000	40000	3.0685231549785206	97.0%	0.0505	2.2826412258783946
2	165810001	165845000	2	165810001	166025000	215000	35000	10.348261009281742	97.0%	0.007	2.2477077706419757
1	20925001	20955000	1	20925001	21305000	380000	30000	5.636890115824573	98.0%	0.0225	2.2347159861389145
7	78875001	78920000	7	78555001	78920000	365000	45000	4.974346063299429	96.0%	0.07	2.231586464875699
8	94925001	94960000	8	94925001	95225000	300000	35000	6.820327007169886	99.0%	0.034	2.2260480715886533
11	19815001	19855000	11	19815001	20170000	355000	40000	6.066970080469728	98.0%	0.038	2.216345215440139
4	7660001	7700000	4	6770001	7700000	930000	40000	2.925538854912356	95.0%	0.0235	2.1941563261039314
2	125635001	125665000	2	125635001	126565000	930000	30000	2.5041471056290385	95.0%	0.026	2.185547836082492
1	13480001	13550000	1	13060001	13550000	490000	70000	4.305714502788357	96.0%	0.088	2.183565673534785
11	57930001	57975000	11	57930001	58345000	415000	45000	4.911780521451956	95.0%	0.021	2.18246534540788
10	59875001	59910000	10	59875001	60165000	290000	35000	6.8900128490345764	99.0%	0.052000000000000005	2.1759861680233525
12	17545001	17585000	12	17545001	17805000	260000	40000	6.667498507246065	98.0%	0.0275	2.175709786045278
6	49910001	49950000	6	49910001	50230000	320000	40000	4.835746668796199	98.0%	0.098	2.172671569263651
19	4730001	4775000	19	4730001	5010000	280000	45000	7.013479719839215	99.0%	0.0235	2.147008457273799
2	35630001	35665000	2	35630001	36005000	375000	35000	6.010323948262141	96.0%	0.013	2.146919439145521
10	81190001	81220000	10	81190001	81490000	300000	30000	7.816431978886062	97.0%	0.0485	2.1445032805790647
18	67095001	67140000	18	67095001	67470000	375000	45000	4.6070493649054995	96.0%	0.025	2.1426384565322314
11	95215001	95260000	11	95025001	95260000	235000	45000	8.253480595315589	98.0%	0.086	2.126085741910335
1	35805001	35860000	1	35805001	36290000	485000	55000	4.292282221193202	95.0%	0.024	2.1259512037706254
1	118455001	118525000	1	118310001	118525000	215000	70000	7.0377497823832424	98.0%	0.04	2.1146271247850197
18	37740001	37780000	18	37740001	37975000	235000	40000	7.602860403382277	98.0%	0.021	2.0951696601712313
13	45415001	45500000	13	44990001	45500000	510000	85000	4.10611481205742	95.0%	0.0645	2.077276268442623
9	123925001	123995000	9	123925001	124135000	210000	70000	8.98814620299014	98.0%	0.054	2.0704782407751563
2	179900001	179930000	2	179900001	180285000	385000	30000	5.302408285475621	97.0%	0.055	2.0525353885522564
2	117440001	117475000	2	117140001	117475000	335000	35000	5.984975276473766	97.0%	0.018	2.0501228715231776
13	102630001	102690000	13	101520001	102690000	1170000	60000	1.847911276784462	95.0%	0.0725	2.0406154007280652
9	57225001	57275000	9	57225001	57440000	215000	50000	9.810898339099676	99.0%	0.004	2.039616586133409
11	62735001	62770000	11	62735001	63185000	450000	35000	4.105980361360493	98.0%	0.0185	2.032216402042769
6	112715001	112755000	6	112715001	113015000	300000	40000	5.549237734310807	95.0%	0.0505	2.0299234332080944
15	85580001	85635000	15	85580001	85870000	290000	55000	5.783013634269248	97.0%	0.0165	2.0236220662056237
13	48640001	48680000	13	48640001	49180000	540000	40000	3.7512633226868526	96.0%	0.086	2.017287173105156
7	75550001	75590000	7	75550001	75885000	335000	40000	6.151139507382232	95.0%	0.051	2.0118781972685995
15	11960001	12005000	15	11960001	12200000	240000	45000	7.0969312958981625	98.0%	0.012	1.9886911187849903
6	83655001	83695000	6	83245001	83695000	450000	40000	4.795549201008865	96.0%	0.062	1.9766075311381166
1	37620001	37680000	1	37260001	37680000	420000	60000	5.431537243548242	96.0%	0.028499999999999998	1.964424809371464
18	89320001	89365000	18	88750001	89365000	615000	45000	3.2359850115511204	98.0%	0.087	1.9608365777134162
3	157690001	157740000	3	157505001	157740000	235000	50000	5.333234608588355	96.0%	0.06	1.9574989947004062
12	104935001	104975000	12	104935001	105115000	180000	40000	7.390539218209353	99.0%	0.028	1.9522701897899166
10	13545001	13585000	10	13545001	14395000	850000	40000	2.616443281115258	98.0%	0.0595	1.94670158022781
11	119180001	119215000	11	118990001	119215000	225000	35000	10.216127751142924	99.0%	0.025	1.918583870561595
2	13280001	13315000	2	13280001	13865000	585000	35000	3.9805164736803755	96.0%	0.013	1.9078356270079413
12	39495001	39535000	12	39495001	40255000	760000	40000	1.9024773501403702	97.0%	0.097	1.9009833792991
15	100020001	100055000	15	100020001	100315000	295000	35000	6.3284270681098205	95.0%	0.034	1.8914173143846016
17	87290001	87355000	17	87290001	87690000	400000	65000	5.324373367969789	95.0%	0.045	1.8686949251068148
3	97320001	97355000	3	96920001	97355000	435000	35000	4.190470754201362	98.0%	0.038	1.8665556605842748
11	76145001	76180000	11	75730001	76180000	450000	35000	5.429988289224798	97.0%	0.08299999999999999	1.8657943298847648
18	74945001	75005000	18	74680001	75005000	325000	60000	5.900615384492063	95.0%	0.077	1.8349832079267763
3	97900001	97940000	3	97900001	98360000	460000	40000	3.6696670161615628	95.0%	0.0535	1.8290487747331603
8	124020001	124105000	8	124020001	124350000	330000	85000	6.515297047408336	98.0%	0.006500000000000001	1.818811219129994
9	45975001	46030000	9	45975001	46315000	340000	55000	6.039686425403767	98.0%	0.0155	1.807536719208599
12	35165001	35205000	12	34400001	35205000	805000	40000	2.5358728257106233	96.0%	0.072	1.8065075398224046
2	157540001	157585000	2	157250001	157585000	335000	45000	5.061232112449119	95.0%	0.07	1.8025327771488682
15	84255001	84295000	15	84255001	84620000	365000	40000	5.640867716836176	98.0%	0.021	1.7954594127469516
11	4415001	4455000	11	4135001	4455000	320000	40000	7.427317270121377	96.0%	0.0225	1.7934315602171869
7	126815001	126855000	7	126815001	127125000	310000	40000	7.954654570700348	98.0%	0.057	1.7929707458560673
16	33295001	33340000	16	33295001	33615000	320000	45000	5.685502563029241	97.0%	0.0245	1.7917914417198766
2	173795001	173840000	2	173795001	174285000	490000	45000	4.1305647019397345	96.0%	0.0225	1.785518699256835
9	70395001	70435000	9	70395001	70595000	200000	40000	7.191455898102609	98.0%	0.057499999999999996	1.772248896479778
11	121460001	121505000	11	121460001	121810000	350000	45000	6.711498337946237	98.0%	0.026000000000000002	1.7620232383260361
5	146660001	146730000	5	146660001	147330000	670000	70000	3.113946345599647	95.0%	0.039	1.7585300134411659
2	21255001	21295000	2	20715001	21295000	580000	40000	3.0216037777375226	96.0%	0.05	1.7501379850226575
13	3650001	3695000	13	3650001	4010000	360000	45000	4.570447576327155	95.0%	0.0285	1.7381980902608691
13	24480001	24540000	13	24480001	24815000	335000	60000	6.541937520453515	98.0%	0.02	1.7337055461430857
6	142945001	142995000	6	142760001	142995000	235000	50000	7.9812291927725	99.0%	0.034	1.7324913074108799
11	108345001	108390000	11	108025001	108390000	365000	45000	5.800311815214003	97.0%	0.09	1.7157315278844647
11	20785001	20815000	11	20785001	21475000	690000	30000	3.9763182856574084	99.0%	0.031	1.7144646636705243
13	112660001	112695000	13	112660001	113265000	605000	35000	3.3116924276559345	96.0%	0.064	1.7116091152829074
1	39680001	39700000	1	39680001	39985000	305000	20000	6.048298815793135	99.0%	0.044	1.711062636141589
7	143130001	143205000	7	143130001	143485000	355000	75000	4.977779855125134	95.0%	0.036	1.6955762378995731
11	54685001	54740000	11	54685001	55110000	425000	55000	6.264584454500717	95.0%	0.022	1.6918761380714131
11	75170001	75210000	11	75170001	75585000	415000	40000	5.7801620205087865	96.0%	0.017	1.685969164834987
13	112260001	112320000	13	112260001	112540000	280000	60000	6.9094208731392	95.0%	0.07100000000000001	1.6691734403262708
16	25210001	25280000	16	23905001	25280000	1375000	70000	1.6011029845506162	97.0%	0.044	1.667953520116736
5	30790001	30825000	5	30790001	31015000	225000	35000	7.528826266227399	99.0%	0.098	1.666393551253096
10	67295001	67340000	10	67295001	67855000	560000	45000	3.277754924200182	98.0%	0.0845	1.6587642892064762
6	8460001	8525000	6	8255001	8525000	270000	65000	8.732422821632575	98.0%	0.033	1.6511280596913152
13	51820001	51860000	13	51820001	52635000	815000	40000	3.0973372195727933	95.0%	0.065	1.6446266111960857
6	129230001	129270000	6	128790001	129270000	480000	40000	5.262032216042717	98.0%	0.0125	1.6423537358013234
13	90925001	90990000	13	90925001	91750000	825000	65000	2.797524180574742	98.0%	0.08	1.6285741567742493
1	51985001	52015000	1	51985001	52215000	230000	30000	5.840307039690508	96.0%	0.0205	1.6234335032677178
14	64610001	64640000	14	64610001	64970000	360000	30000	4.1750047356638404	96.0%	0.061	1.617635571059184
10	70010001	70045000	10	70010001	70210000	200000	35000	6.108829816354445	97.0%	0.057	1.6168622876977388
4	43415001	43460000	4	43415001	43725000	310000	45000	6.352536273902005	98.0%	0.0785	1.6100609617953208
2	147150001	147195000	2	146825001	147195000	370000	45000	4.174938011790072	95.0%	0.055	1.6032953901962794
2	131800001	131840000	2	131800001	132240000	440000	40000	4.206552057374105	95.0%	0.0325	1.5921979538512077
3	142475001	142515000	3	142475001	142770000	295000	40000	5.549652172801634	98.0%	0.047	1.5861711715604667
1	55395001	55445000	1	55395001	55890000	495000	50000	3.564392973866358	95.0%	0.028	1.5791997368338484
7	141030001	141075000	7	140840001	141075000	235000	45000	7.770013321396056	97.0%	0.044	1.5704314159819062
5	143555001	143595000	5	143555001	143995000	440000	40000	4.722177151821854	97.0%	0.038	1.5671237397712952
1	43125001	43170000	1	43125001	43775000	650000	45000	3.4236102466858997	96.0%	0.0335	1.5627156698538673
11	60070001	60110000	11	60070001	60320000	250000	40000	8.304881182438148	99.0%	0.018	1.559472881949773
4	141560001	141620000	4	141230001	141620000	390000	60000	4.769393969899583	95.0%	0.0455	1.5551847295072363
2	118455001	118500000	2	118455001	118850000	395000	45000	5.739505313311168	98.0%	0.022	1.5551221587793258
14	59595001	59640000	14	59595001	59960000	365000	45000	3.916066794769706	95.0%	0.057	1.5418956625808402
3	27420001	27495000	3	27155001	27495000	340000	75000	4.770129299666822	97.0%	0.0875	1.533200618463676
6	117835001	117870000	6	117835001	118040000	205000	35000	7.212450275939389	99.0%	0.024	1.5276034059463273
18	39080001	39140000	18	38810001	39140000	330000	60000	5.272872642668556	95.0%	0.07400000000000001	1.5139966757904746
4	100975001	101020000	4	100975001	101380000	405000	45000	3.8912454589325725	97.0%	0.02	1.5127464632008545
18	56695001	56760000	18	56360001	56760000	400000	65000	4.610473525850683	95.0%	0.05	1.5125697233805155
17	34030001	34105000	17	34030001	34415000	385000	75000	6.549934818598243	95.0%	0.03	1.5065129007250004
16	30180001	30250000	16	29785001	30250000	465000	70000	4.032954308119804	97.0%	0.093	1.5060403326644076
14	8080001	8115000	14	8080001	8265000	185000	35000	7.921726621229287	95.0%	0.024	1.5005543120661267
3	69235001	69280000	3	69235001	69490000	255000	45000	5.565161636960515	98.0%	0.045	1.4838742422032034
14	120235001	120275000	14	120235001	120600000	365000	40000	4.671530358071616	95.0%	0.04	1.4568533609003813
5	38290001	38325000	5	38290001	38625000	335000	35000	5.011917696530618	97.0%	0.026	1.4531996285679223
9	105350001	105405000	9	104410001	105405000	995000	55000	2.1264154016806702	95.0%	0.039	1.4487356746510585
12	113210001	113255000	12	113210001	113620000	410000	45000	4.2978985750973635	98.0%	0.058499999999999996	1.4347900161859208
10	95535001	95570000	10	95535001	96120000	585000	35000	3.383832318560628	95.0%	0.045	1.4241928260313328
10	96600001	96665000	10	96600001	97035000	435000	65000	4.9343876387697225	97.0%	0.011	1.4111807269460233
11	72560001	72600000	11	72560001	72925000	365000	40000	4.771299755337305	95.0%	0.034	1.4098014399047893
9	121240001	121275000	9	121240001	121490000	250000	35000	7.272958342199926	99.0%	0.0085	1.4085084493988218
6	116005001	116050000	6	116005001	116215000	210000	45000	7.0128104899532735	96.0%	0.0405	1.4018966032736124
11	107485001	107530000	11	107485001	107905000	420000	45000	4.384854838861222	97.0%	0.0295	1.3990852991696874
14	32015001	32100000	14	31630001	32100000	470000	85000	3.6188273549575563	96.0%	0.08149999999999999	1.3908574653049306
14	75855001	75915000	14	75855001	76125000	270000	60000	4.710061589629164	96.0%	0.0815	1.3856534825938276
1	171095001	171150000	1	171095001	171375000	280000	55000	5.7901082573911955	95.0%	0.0745	1.3852542211759737
17	4765001	4805000	17	4765001	5305000	540000	40000	3.696452837873639	95.0%	0.093	1.355220108523531
11	115345001	115405000	11	115345001	115565000	220000	60000	11.487255504787676	99.0%	0.020499999999999997	1.3469406958926515
17	15695001	15780000	17	15470001	15780000	310000	85000	5.824593277567428	95.0%	0.029	1.330606882416971
11	106610001	106650000	11	106275001	106650000	375000	40000	6.8574308621478846	96.0%	0.029	1.3278775928313624
11	87490001	87540000	11	87125001	87540000	415000	50000	5.352396117497804	96.0%	0.026	1.3130055451866012
10	117445001	117475000	10	117445001	117700000	255000	30000	6.5957504728864125	99.0%	0.097	1.3061405555979908
15	27305001	27350000	15	27305001	27895000	590000	45000	2.477407270914363	95.0%	0.035500000000000004	1.3042194718807785
18	62045001	62095000	18	62045001	62230000	185000	50000	7.983307045724764	99.0%	0.046	1.2934900950030739
5	53345001	53380000	5	53345001	53680000	335000	35000	5.269018559971196	98.0%	0.034	1.2913115672584112
7	92080001	92130000	7	92080001	92900000	820000	50000	2.1654914899885305	95.0%	0.0435	1.2865768073935109
1	184255001	184295000	1	184255001	184780000	525000	40000	3.4939968034714273	96.0%	0.055	1.2830545950621377
5	105645001	105710000	5	105390001	105710000	320000	65000	6.759580778847819	95.0%	0.088	1.2723863475524657
19	36170001	36200000	19	36170001	36580000	410000	30000	4.832657956331997	95.0%	0.036500000000000005	1.2698010369725736
9	31070001	31105000	9	30430001	31105000	675000	35000	2.572220235690131	96.0%	0.07	1.2660140985997328
1	64435001	64475000	1	64435001	64715000	280000	40000	4.822323277419903	95.0%	0.053000000000000005	1.2650972470631414
10	43925001	43975000	10	43925001	44170000	245000	50000	6.369883692537645	96.0%	0.033	1.2596903336967635
7	120810001	120850000	7	120810001	121115000	305000	40000	5.894082318756788	95.0%	0.055	1.2553980711072599
11	22985001	23020000	11	22985001	23435000	450000	35000	4.355662182137155	97.0%	0.0655	1.2507678097648613
10	88290001	88330000	10	87545001	88330000	785000	40000	2.4861582990073616	96.0%	0.059	1.241756011470122
10	39150001	39185000	10	39150001	39840000	690000	35000	3.8316581913882466	96.0%	0.0655	1.2294446174091258
9	100435001	100470000	9	100435001	100675000	240000	35000	6.534005560412981	98.0%	0.0595	1.2185301635532673
2	26545001	26590000	2	26290001	26590000	300000	45000	8.290205084245027	98.0%	0.008	1.2124485850630795
11	31655001	31695000	11	31655001	32315000	660000	40000	3.807478912731562	97.0%	0.096	1.211085779478579
11	106500001	106540000	11	106500001	106770000	270000	40000	9.288738231288031	97.0%	0.007	1.2051516247118235
6	84080001	84115000	6	84080001	84600000	520000	35000	3.3376386675557463	96.0%	0.043	1.1976246480321207
18	67445001	67485000	18	67445001	67915000	470000	40000	3.702690704829474	95.0%	0.032	1.1967364115523542
3	35665001	35710000	3	35665001	36140000	475000	45000	3.5349891119631534	96.0%	0.073	1.1967042234104872
2	180740001	180805000	2	180490001	180805000	315000	65000	5.424951097519479	97.0%	0.052	1.1893627156405628
2	155075001	155105000	2	155075001	155285000	210000	30000	7.80656497431971	99.0%	0.014	1.1743626636122224
18	53980001	54015000	18	53980001	54300000	320000	35000	4.058211583785612	97.0%	0.0625	1.1732600989606625
11	48760001	48800000	11	48760001	49165000	405000	40000	5.134982220862081	96.0%	0.021	1.1673100371836203
16	35710001	35750000	16	35710001	35965000	255000	40000	5.661670602179928	97.0%	0.031	1.1645539176235005
18	12730001	12765000	18	12730001	12990000	260000	35000	6.623139217901683	99.0%	0.0635	1.1608755070824481
12	24465001	24500000	12	24465001	24815000	350000	35000	4.211086009124375	97.0%	0.035500000000000004	1.1505005916892965
2	19515001	19575000	2	19515001	19725000	210000	60000	6.994597155855811	99.0%	0.025500000000000002	1.145623226004354
5	74940001	74985000	5	74940001	75160000	220000	45000	6.212440065110096	96.0%	0.049499999999999995	1.1369683871997192
10	118360001	118425000	10	117660001	118425000	765000	65000	1.9840118610090944	95.0%	0.018	1.1228894935298501
14	34595001	34635000	14	34595001	34760000	165000	40000	7.772210331766475	95.0%	0.02	1.1228605963020273
16	49490001	49545000	16	49490001	50100000	610000	55000	2.942494280227892	98.0%	0.067	1.117728529688283
9	118425001	118510000	9	118040001	118510000	470000	85000	4.923834741216261	95.0%	0.035500000000000004	1.1166255292469416
18	68230001	68260000	18	67850001	68260000	410000	30000	5.744522418981091	99.0%	0.0475	1.1160334744920846
11	53980001	54020000	11	53980001	54200000	220000	40000	7.830928180664233	98.0%	0.014	1.113135531361223
12	73525001	73580000	12	73525001	74020000	495000	55000	3.922154900406475	95.0%	0.034	1.109866785649211
12	15810001	15860000	12	15810001	16185000	375000	50000	4.971186007782671	97.0%	0.031	1.1074865081362624
9	90195001	90230000	9	90195001	90455000	260000	35000	7.288115713956082	99.0%	0.0115	1.094546446391423
1	181880001	181910000	1	181880001	182145000	265000	30000	5.030820752948189	97.0%	0.047	1.0846611656942193
16	33805001	33845000	16	33805001	33995000	190000	40000	6.838533985813382	99.0%	0.0805	1.0827253022301768
18	84675001	84710000	18	84675001	84970000	295000	35000	4.6259570487834	96.0%	0.035	1.0824372917923144
13	20295001	20330000	13	20295001	20590000	295000	35000	4.82807091694651	97.0%	0.026	1.062216221194877
8	84010001	84055000	8	84010001	84285000	275000	45000	8.150125920730577	99.0%	0.06	1.0553699516670483
13	46285001	46370000	13	46285001	46735000	450000	85000	4.423953218799687	97.0%	0.0405	1.0462320500232574
2	33920001	33995000	2	33705001	33995000	290000	75000	7.471377721499391	97.0%	0.0905	1.04594139656188
9	20455001	20490000	9	20455001	20860000	405000	35000	5.452550988860966	95.0%	0.086	1.0377627327998717
14	114840001	114890000	14	114840001	115090000	250000	50000	4.781832065229528	96.0%	0.0665	1.0376837496210418
17	45455001	45490000	17	45455001	45720000	265000	35000	7.002026233012445	97.0%	0.044	1.0316323882569376
2	163705001	163750000	2	163530001	163750000	220000	45000	7.727485651997197	98.0%	0.08549999999999999	1.0016274497253266
12	12410001	12455000	12	12410001	12980000	570000	45000	3.13739360628118	96.0%	0.065	0.9990066291095656
15	86230001	86305000	15	86230001	86545000	315000	75000	5.419854688755717	97.0%	0.015	0.9783057370055529
11	113805001	113845000	11	113245001	113845000	600000	40000	3.535013055813436	95.0%	0.0955	0.9729854158799733
13	43695001	43755000	13	43165001	43755000	590000	60000	3.5153005874836953	95.0%	0.07250000000000001	0.9701354521550068
5	73405001	73455000	5	73405001	73735000	330000	50000	4.028372369325083	95.0%	0.0455	0.95379149726819
3	107445001	107485000	3	107195001	107485000	290000	40000	4.830272608050771	96.0%	0.07300000000000001	0.9425765213855287
2	14040001	14070000	2	14040001	14310000	270000	30000	5.7315603618770465	99.0%	0.015	0.9285442850420832
9	43970001	44010000	9	43970001	44410000	440000	40000	5.742254996085202	97.0%	0.043	0.9254479689346152
8	40275001	40330000	8	40275001	40520000	245000	55000	5.338982594917269	97.0%	0.026	0.9253544236977137
8	121030001	121110000	8	120850001	121110000	260000	80000	6.939546582045347	98.0%	0.09	0.9142264860750344
10	118135001	118210000	10	118135001	118545000	410000	75000	3.192262047684495	97.0%	0.015	0.8985892630137472
10	25670001	25705000	10	25670001	26525000	855000	35000	1.9645263450851296	96.0%	0.098	0.897978994589041
12	54640001	54705000	12	54640001	54995000	355000	65000	3.655728567191125	95.0%	0.039	0.8907662680451601
7	45715001	45745000	7	45715001	45930000	215000	30000	8.27922989933276	96.0%	0.064	0.88789054640376
18	61530001	61565000	18	61530001	61740000	210000	35000	5.858182014836612	98.0%	0.036500000000000005	0.8865877154869647
15	86105001	86155000	15	85705001	86155000	450000	50000	5.536818941964626	96.0%	0.098	0.8835062917164288
11	77415001	77465000	11	77095001	77465000	370000	50000	5.1633068326471685	98.0%	0.039	0.8812974625571639
4	3550001	3630000	4	3550001	3965000	415000	80000	3.908711236652553	95.0%	0.087	0.8805045162943828
9	96900001	96965000	9	96900001	97170000	270000	65000	6.955150824622862	95.0%	0.0375	0.8797551079521841
14	19820001	19850000	14	19820001	20300000	480000	30000	4.089498488191793	96.0%	0.0485	0.871861571366977
10	38860001	38900000	10	38860001	39055000	195000	40000	5.836545974657742	98.0%	0.056	0.869134808312581
19	29480001	29530000	19	28960001	29530000	570000	50000	3.954748655801898	95.0%	0.099	0.8621437287522913
7	37360001	37400000	7	37360001	37805000	445000	40000	3.9379377549199073	95.0%	0.098	0.8572228191246307
17	17385001	17420000	17	17385001	17765000	380000	35000	4.565487575660366	95.0%	0.021	0.8436921316698777
10	117160001	117245000	10	116870001	117245000	375000	85000	4.9302397876350925	96.0%	0.043	0.8418704506232523
13	30075001	30115000	13	30075001	30300000	225000	40000	5.992260287760108	96.0%	0.048	0.8398613238369468
9	41180001	41215000	9	40780001	41215000	435000	35000	4.587900346175503	97.0%	0.099	0.821318364505802
2	52755001	52785000	2	52755001	53130000	375000	30000	5.114598161813966	99.0%	0.068	0.8183171984587322
13	37270001	37345000	13	36280001	37345000	1065000	75000	2.391696610661687	96.0%	0.019	0.8171963364239984
7	3795001	3835000	7	3340001	3835000	495000	40000	1.6815242087508107	97.0%	0.036	0.8150874083566089
11	35115001	35145000	11	35115001	35460000	345000	30000	5.647374394806171	97.0%	0.094	0.8102316432272777
12	80135001	80210000	12	80135001	80760000	625000	75000	3.543682491621837	95.0%	0.023	0.8093582266723801
2	33330001	33370000	2	32960001	33370000	410000	40000	5.0751109658490225	97.0%	0.097	0.8073140165365431
11	88170001	88220000	11	87960001	88220000	260000	50000	8.09417136404273	97.0%	0.0915	0.8035726619456331
3	32320001	32395000	3	32320001	32680000	360000	75000	4.608196173086445	95.0%	0.073	0.7992520955681672
9	55010001	55060000	9	55010001	55385000	375000	50000	4.429268637516355	96.0%	0.039	0.795560696559723
11	96290001	96340000	11	96290001	96635000	345000	50000	6.441772635685166	98.0%	0.068	0.7944332515257071
12	91365001	91435000	12	91365001	91675000	310000	70000	3.642595399106617	95.0%	0.025	0.790485937753621
17	33205001	33240000	17	33065001	33240000	175000	35000	6.153290415917964	98.0%	0.07	0.7880832799642955
2	129675001	129710000	2	129675001	129910000	235000	35000	5.976557733397924	97.0%	0.053	0.7807293281930996
6	47300001	47335000	6	47300001	47635000	335000	35000	5.576964485732943	96.0%	0.098	0.7786783602032994
19	8830001	8875000	19	8830001	9125000	295000	45000	7.423252652933438	98.0%	0.029	0.7769787662914804
1	127480001	127520000	1	127480001	127815000	335000	40000	3.491722222637632	97.0%	0.036	0.7565741392227642
9	106400001	106445000	9	106165001	106445000	280000	45000	7.102126801058704	96.0%	0.07200000000000001	0.7538104838270366
7	79225001	79275000	7	79225001	79485000	260000	50000	6.150194972195328	98.0%	0.066	0.7478820317447908
6	56470001	56500000	6	56470001	56655000	185000	30000	5.547756677294985	98.0%	0.044	0.7464641926529164
11	75275001	75310000	11	74930001	75310000	380000	35000	6.182078126329128	98.0%	0.08349999999999999	0.7419168409023192
1	85565001	85600000	1	85565001	85850000	285000	35000	1.9032892727943937	97.0%	0.06	0.7359763431540571
3	144560001	144635000	3	144250001	144635000	385000	75000	4.828015052584939	95.0%	0.062	0.7335749979992552
9	119935001	119975000	9	119935001	120135000	200000	40000	10.466162756569743	98.0%	0.0995	0.7214341101663131
2	131975001	132020000	2	131975001	132235000	260000	45000	7.7112260775907435	96.0%	0.032	0.7182642525841061
1	191950001	191980000	1	191950001	192745000	795000	30000	2.365241943026018	95.0%	0.047	0.717730930452121
10	63140001	63205000	10	63140001	63315000	175000	65000	7.559597540106614	95.0%	0.069	0.7145572153400487
2	75595001	75660000	2	75595001	75955000	360000	65000	5.134358859733956	98.0%	0.06	0.7007252956976996
19	10655001	10730000	19	10655001	10965000	310000	75000	7.686245200062605	98.0%	0.0055	0.6994216067685881
12	84635001	84670000	12	84635001	84885000	250000	35000	6.227388886922114	98.0%	0.0625	0.6953987118832431
13	55395001	55430000	13	55395001	55605000	210000	35000	11.543696269086322	98.0%	0.010499999999999999	0.676264895877991
18	5150001	5185000	18	5150001	5845000	695000	35000	4.01552195281874	97.0%	0.014	0.6707940064783374
7	120915001	120980000	7	120915001	121130000	215000	65000	7.196064347117335	96.0%	0.041	0.6659376392509755
8	120060001	120105000	8	119780001	120105000	325000	45000	7.02086199972472	96.0%	0.024	0.6652192476301653
7	101905001	101940000	7	101905001	102095000	190000	35000	8.45457102202909	99.0%	0.016	0.6630063356608127
7	80720001	80770000	7	80720001	81150000	430000	50000	5.695446553766706	96.0%	0.058	0.6606328287340776
9	103080001	103125000	9	103080001	103490000	410000	45000	4.7429472179153525	95.0%	0.048	0.6529389931224501
13	19150001	19190000	13	19150001	19455000	305000	40000	4.438959370115582	97.0%	0.016	0.6492265551679376
11	98685001	98760000	11	98685001	99105000	420000	75000	6.4034245650578585	95.0%	0.099	0.6463038118357244
12	8315001	8355000	12	8315001	8640000	325000	40000	5.385427764928432	95.0%	0.04	0.6462222553930842
7	16175001	16210000	7	16175001	16490000	315000	35000	5.9305030380223815	96.0%	0.09	0.6333380250974212
17	13175001	13240000	17	13175001	13460000	285000	65000	3.3783658837791988	95.0%	0.047	0.6311536146801866
16	91930001	92010000	16	91930001	92290000	360000	80000	5.062954585663068	98.0%	0.0275	0.6302577237329949
1	159375001	159420000	1	159375001	160085000	710000	45000	2.4959476834666297	96.0%	0.086	0.6203673778357742
14	120125001	120175000	14	120125001	120420000	295000	50000	4.064818711832009	96.0%	0.048	0.5922210508723426
19	21020001	21055000	19	21020001	21330000	310000	35000	5.440873289542897	96.0%	0.061	0.588932166813153
13	29845001	29880000	13	29845001	30100000	255000	35000	4.20805507573249	95.0%	0.065	0.5842093386206011
16	76365001	76400000	16	76365001	76775000	410000	35000	4.949078384633611	98.0%	0.0615	0.5808499152412726
17	24625001	24665000	17	24435001	24665000	230000	40000	8.760236970978687	95.0%	0.017	0.5752236079689902
2	93055001	93085000	2	93055001	93435000	380000	30000	4.99911040156353	97.0%	0.0505	0.5749960775304372
14	73085001	73170000	14	73085001	73380000	295000	85000	6.307649189630919	97.0%	0.068	0.5745969705942605
1	161380001	161420000	1	161380001	161740000	360000	40000	4.603435667927782	98.0%	0.0885	0.5714414653303822
10	75720001	75785000	10	75720001	75995000	275000	65000	7.023498982674255	96.0%	0.021	0.5691900346194128
10	80170001	80210000	10	80170001	80490000	320000	40000	7.204014554059451	96.0%	0.05500000000000001	0.552565034413758
13	96410001	96475000	13	96410001	96630000	220000	65000	6.436272337204382	95.0%	0.049	0.5497337361025376
10	117620001	117705000	10	117365001	117705000	340000	85000	5.900483559328457	97.0%	0.095	0.548929017732052
4	59355001	59415000	4	59355001	59840000	485000	60000	4.733414748159643	96.0%	0.056	0.5480920271597917
10	78140001	78180000	10	77980001	78180000	200000	40000	8.51782108789815	98.0%	0.04	0.5471443570129757
5	103330001	103385000	5	103330001	103785000	455000	55000	3.051232913042519	96.0%	0.062	0.543986667279902
13	54785001	54820000	13	54785001	55220000	435000	35000	3.2634774666199067	96.0%	0.083	0.5421096482976984
3	79190001	79235000	3	79190001	79615000	425000	45000	3.5454936333503504	96.0%	0.062	0.5345723777313212
3	96270001	96345000	3	96270001	96610000	340000	75000	5.229790939985201	99.0%	0.013	0.5237042055984079
3	146310001	146360000	3	146310001	146995000	685000	50000	2.6261184047698345	97.0%	0.088	0.5141849356601266
11	101045001	101080000	11	100575001	101080000	505000	35000	5.9068264136425155	96.0%	0.035	0.5004790527404976
4	116125001	116175000	4	116125001	116480000	355000	50000	4.8912806112255485	96.0%	0.071	0.49997701602786176
8	22170001	22250000	8	22170001	22620000	450000	80000	3.924409330111098	95.0%	0.079	0.48206414041604456
15	97560001	97615000	15	97195001	97615000	420000	55000	4.324683463742255	96.0%	0.065	0.47395042271179666
11	96840001	96915000	11	96275001	96915000	640000	75000	3.6189372646908984	95.0%	0.0925	0.4734464883324145
17	55685001	55725000	17	55685001	56040000	355000	40000	3.2594141588631267	98.0%	0.046	0.4730750088329544
11	33685001	33760000	11	33685001	34225000	540000	75000	3.5531033437998483	95.0%	0.08449999999999999	0.46602066915952817
10	110740001	110820000	10	110740001	111110000	370000	80000	3.7729990990639535	96.0%	0.0915	0.46392399445579896
1	159880001	159935000	1	159880001	160190000	310000	55000	5.657377467939929	95.0%	0.077	0.45816201845404314
1	9755001	9820000	1	9755001	10020000	265000	65000	7.024758864200383	97.0%	0.075	0.4560443049540315
1	155565001	155610000	1	155565001	155920000	355000	45000	3.4958676228759917	96.0%	0.077	0.4529249966555573
3	102685001	102720000	3	102685001	103160000	475000	35000	3.4403708222154004	95.0%	0.048	0.4285326138647365
6	83870001	83910000	6	83870001	84075000	205000	40000	6.033902102635123	96.0%	0.068	0.4283069529152875
6	119315001	119370000	6	119110001	119370000	260000	55000	6.526324146038987	97.0%	0.0505	0.42556369198185456
13	109770001	109820000	13	109770001	110000000	230000	50000	7.908991366756487	98.0%	0.08499999999999999	0.42277227237911064
2	174295001	174325000	2	174295001	174930000	635000	30000	3.3573099994080864	96.0%	0.062	0.42191710948334316
6	86115001	86160000	6	86115001	86520000	405000	45000	4.099711498635538	95.0%	0.08	0.41455180920193
2	144000001	144035000	2	144000001	144285000	285000	35000	5.83967434209464	96.0%	0.086	0.41196870405972885
2	139570001	139610000	2	139570001	140210000	640000	40000	2.7768835963312606	98.0%	0.0945	0.3958676813013917
6	149110001	149160000	6	149110001	149455000	345000	50000	5.540443297403938	95.0%	0.035	0.39108853697454143
6	127525001	127565000	6	127525001	127965000	440000	40000	3.703571091037139	95.0%	0.045	0.3885251654648718
4	116825001	116850000	4	116825001	117175000	350000	25000	4.651808631223832	96.0%	0.036	0.3876100080111861
5	112200001	112270000	5	112200001	112475000	275000	70000	6.003230911279677	96.0%	0.033	0.38753900454290846
4	149525001	149595000	4	149185001	149595000	410000	70000	5.298162561404069	96.0%	0.08399999999999999	0.3816672859201836
1	177925001	178005000	1	177925001	178455000	530000	80000	2.0592143769929097	95.0%	0.0975	0.37508199840226825
7	84070001	84100000	7	84070001	84370000	300000	30000	5.474267240413469	97.0%	0.06849999999999999	0.37170351813190877
7	98730001	98765000	7	98730001	99190000	460000	35000	4.522116634158328	97.0%	0.0435	0.36213374266033377
14	31580001	31655000	14	31250001	31655000	405000	75000	5.110432126956868	97.0%	0.086	0.3614487763874998
10	100395001	100445000	10	100150001	100445000	295000	50000	3.366141725243864	95.0%	0.044	0.3513128257672616
11	51030001	51110000	11	51030001	51120000	90000	80000	10.491120312917081	96.0%	0.002	0.34890502116472955
5	124120001	124175000	5	124120001	124320000	200000	55000	10.18822400748714	98.0%	0.035	0.3384606099072731
5	137125001	137180000	5	137125001	137490000	365000	55000	5.436668199000456	95.0%	0.016	0.32443683831970366
19	8550001	8625000	19	8550001	8955000	405000	75000	5.045193026811369	95.0%	0.054	0.3220196742238755
1	170885001	170920000	1	170885001	171050000	165000	35000	7.010906101898037	99.0%	0.071	0.309798810148072
10	77975001	78045000	10	77975001	78430000	455000	70000	4.2666222907652465	95.0%	0.087	0.30682083043869884
18	84915001	84985000	18	84650001	84985000	335000	70000	4.753891686478383	95.0%	0.065	0.30109254263438323
6	5340001	5410000	6	4785001	5410000	625000	70000	2.644237057435148	95.0%	0.066	0.29939239504402587
2	71560001	71605000	2	71560001	72060000	500000	45000	4.600573397422977	95.0%	0.0685	0.2986574167088357
1	64700001	64740000	1	64700001	65015000	315000	40000	5.254223688491665	98.0%	0.033	0.2880481164772663
17	29035001	29080000	17	29035001	29375000	340000	45000	6.242048690076537	98.0%	0.036000000000000004	0.2638727795260193
1	6570001	6615000	1	6570001	6845000	275000	45000	4.7362715092293035	95.0%	0.072	0.2560477785632811
9	88220001	88265000	9	88220001	88775000	555000	45000	3.1054056986156064	96.0%	0.03	0.25042090352297275
8	3160001	3230000	8	3160001	3465000	305000	70000	7.201416989815875	96.0%	0.074	0.24551789810293628
17	44120001	44155000	17	43670001	44155000	485000	35000	2.7736354813506425	95.0%	0.096	0.2375812292040973
4	3225001	3265000	4	3225001	3475000	250000	40000	4.364492631856532	95.0%	0.08299999999999999	0.2357327358466945
2	6210001	6245000	2	6210001	6480000	270000	35000	6.501201104977899	97.0%	0.036000000000000004	0.2128368071198113
11	52345001	52395000	11	51740001	52395000	655000	50000	4.457516493542325	95.0%	0.019	0.20263457838157278
5	146180001	146210000	5	146180001	146430000	250000	30000	5.292784470736579	97.0%	0.0975	0.19732923571175878
2	168600001	168680000	2	168370001	168680000	310000	80000	5.390991607329097	96.0%	0.044	0.190243401418293
4	9745001	9790000	4	9555001	9790000	235000	45000	5.992184086336758	98.0%	0.054	0.18405173967571845
12	8750001	8765000	12	8750001	9020000	270000	15000	6.2816843817620045	98.0%	0.083	0.18283840762848125
2	43700001	43745000	2	43700001	43915000	215000	45000	6.717536408435727	97.0%	0.022	0.18001456350486567
13	34180001	34220000	13	34180001	34815000	635000	40000	2.6018517020180063	97.0%	0.092	0.16937218369724535
8	46295001	46335000	8	46295001	46600000	305000	40000	4.694022901857626	97.0%	0.04	0.16326630482260707
2	163310001	163360000	2	162915001	163360000	445000	50000	4.779017565734869	95.0%	0.066	0.15713403689948188
3	103175001	103240000	3	103175001	103750000	575000	65000	3.1662453065001754	96.0%	0.071	0.1480045936343364
18	56580001	56640000	18	56580001	57080000	500000	60000	3.822769582223278	95.0%	0.0595	0.1437467015029858
15	76720001	76770000	15	76720001	76950000	230000	50000	7.854759545963562	97.0%	0.0485	0.13923956884859864
11	23245001	23300000	11	22615001	23300000	685000	55000	2.963592001387258	95.0%	0.047	0.13848512159586124
10	17720001	17755000	10	17720001	18250000	530000	35000	3.4768616918597943	95.0%	0.0625	0.13752581256081467
1	131515001	131565000	1	131175001	131565000	390000	50000	5.678583040511788	98.0%	0.0485	0.13447583884036696
17	5780001	5815000	17	5780001	6045000	265000	35000	6.506553830136314	98.0%	0.069	0.1314542175373813
2	118610001	118645000	2	118610001	119130000	520000	35000	4.51890265099999	97.0%	0.098	0.12982365041686694
11	74970001	75005000	11	74970001	75165000	195000	35000	9.15765833914133	99.0%	0.025	0.12393121041158177
11	83175001	83205000	11	82905001	83205000	300000	30000	4.984207530425079	97.0%	0.003	0.11803885973056226
18	78100001	78185000	18	77720001	78185000	465000	85000	4.969268577168887	96.0%	0.093	0.09884602450579426
7	114265001	114335000	7	114265001	114490000	225000	70000	7.97759052308581	97.0%	0.041	0.08921589397613323
10	78490001	78545000	10	78490001	78760000	270000	55000	5.490590303553328	95.0%	0.035	0.08799841384787148
18	77770001	77810000	18	77770001	78175000	405000	40000	5.4324963745724615	97.0%	0.046	0.08438102896806318
11	33945001	33995000	11	33945001	34190000	245000	50000	9.220415315980357	99.0%	0.01	0.07890543751422874
5	5475001	5515000	5	5475001	5760000	285000	40000	4.610739370349149	95.0%	0.082	0.07123382370975749
1	54915001	55000000	1	54655001	55000000	345000	85000	6.049236050250983	96.0%	0.009	0.07065384619300018
2	146935001	146990000	2	146935001	147255000	320000	55000	4.706963954866627	95.0%	0.054	0.06641794461819107
13	9160001	9205000	13	9160001	9855000	695000	45000	2.730095212837301	97.0%	0.091	0.06275304001888907
6	85990001	86030000	6	85790001	86030000	240000	40000	5.842774597134919	97.0%	0.081	0.0623714546793135
3	121290001	121325000	3	121290001	121805000	515000	35000	4.182309802339996	97.0%	0.059	0.06052205476222653
4	115720001	115795000	4	115720001	116120000	400000	75000	3.5611321739926303	95.0%	0.0435	0.05399673028713847
2	38775001	38815000	2	38775001	39005000	230000	40000	6.440432019269763	96.0%	0.051000000000000004	0.05333136076469296
1	161735001	161810000	1	161735001	161990000	255000	75000	6.417934184213791	97.0%	0.042	0.053299292221782736
16	18430001	18465000	16	18430001	18620000	190000	35000	8.989639368604875	99.0%	0.011	0.05251948787450525
13	100475001	100505000	13	100475001	100670000	195000	30000	5.4669253843316	95.0%	0.064	0.041987711547259686
2	168250001	168290000	2	168250001	168700000	450000	40000	3.938236233743996	95.0%	0.058499999999999996	0.03431334240071471
4	134535001	134585000	4	134535001	134835000	300000	50000	6.964424272360508	95.0%	0.0225	0.031370069265484544
5	92300001	92330000	5	92300001	92515000	215000	30000	6.631289505171696	95.0%	0.072	0.019833277814403926
17	8600001	8670000	17	8600001	8945000	345000	70000	4.832439509047338	96.0%	0.048	0.019187447875275206
13	95545001	95575000	13	95545001	95895000	350000	30000	4.579640187185507	95.0%	0.055499999999999994	0.012904129811481466
3	94295001	94365000	3	94295001	94805000	510000	70000	3.2406419313648422	95.0%	0.0535	0.01045545288335534
15	85140001	85180000	15	85140001	85595000	455000	40000	3.549233938857471	97.0%	0.094	0.009918651258854104
2	158745001	158775000	2	158480001	158775000	295000	30000	6.900112856344258	97.0%	0.053	0.007139263205517672
1	63645001	63685000	1	63645001	65035000	1390000	40000	1.83921767329654	97.0%	0.0905	0.006061026484095223
1	52630001	52685000	1	52630001	52935000	305000	55000	5.136981139684595	98.0%	0.081	0.005286310779975919
9	66140001	66180000	9	66140001	67015000	875000	40000	2.876734709642429	97.0%	0.051	0.0010939764890593503
17	83620001	83660000	17	83620001	83820000	200000	40000	6.843347072041911	99.0%	0.06	-0.0015024100866891951
17	42910001	42970000	17	42665001	42970000	305000	60000	4.585421000030007	95.0%	0.095	-0.021934232356769084
10	77620001	77660000	10	77620001	77940000	320000	40000	4.345603163975492	96.0%	0.089	-0.03221976636833618
15	81430001	81510000	15	81430001	81755000	325000	80000	7.483588404406945	95.0%	0.012	-0.0403495441799697
12	91780001	91820000	12	91340001	91820000	480000	40000	4.409846169009077	96.0%	0.0535	-0.04162046204548389
5	137270001	137355000	5	136975001	137355000	380000	85000	5.577169194155811	96.0%	0.003	-0.04999053519338243
6	91525001	91575000	6	91525001	92035000	510000	50000	3.88954556073298	96.0%	0.0985	-0.05522825049004362
13	107445001	107485000	13	107445001	107905000	460000	40000	4.0901029723733835	97.0%	0.0725	-0.0579739374958248
1	153550001	153580000	1	153550001	153910000	360000	30000	5.280356563905339	98.0%	0.0225	-0.06269203769851521
9	57040001	57075000	9	57040001	57250000	210000	35000	8.180163913989492	98.0%	0.0475	-0.07229824693845036
15	50650001	50700000	15	50650001	50920000	270000	50000	5.195881990332135	96.0%	0.08549999999999999	-0.07414310910664615
7	3795001	3825000	7	3795001	4415000	620000	30000	1.4524735082776583	95.0%	0.0505	-0.08422343814946293
7	81935001	81980000	7	81935001	82270000	335000	45000	4.715450807547074	95.0%	0.089	-0.09364029987432665
16	8475001	8510000	16	8475001	8870000	395000	35000	4.124874150743582	95.0%	0.086	-0.09381603773484783
6	7725001	7785000	6	7725001	8150000	425000	60000	3.995362355008473	95.0%	0.074	-0.09433427741622635
17	84810001	84845000	17	84810001	85605000	795000	35000	2.7183573367778053	96.0%	0.059	-0.10193729957025147
15	97655001	97725000	15	97655001	97970000	315000	70000	6.629954060767287	96.0%	0.048	-0.11778784535991166
11	95665001	95705000	11	95665001	96055000	390000	40000	5.1204010932734665	95.0%	0.046	-0.120918932784541
2	59530001	59565000	2	59530001	59995000	465000	35000	3.946369953525424	96.0%	0.092	-0.13416555409369327
5	105385001	105425000	5	105385001	105960000	575000	40000	3.8300497975028183	96.0%	0.042	-0.13527458017993613
6	124825001	124870000	6	124825001	125090000	265000	45000	9.11770854181628	99.0%	0.006	-0.13838559849574164
11	30205001	30245000	11	29810001	30245000	435000	40000	4.131413249007775	96.0%	0.066	-0.13915807196498964
1	181875001	181905000	1	181645001	181905000	260000	30000	5.6559856971098625	99.0%	0.045	-0.17147186945944193
16	64755001	64800000	16	64755001	64885000	130000	45000	7.957743957632469	97.0%	0.076	-0.17901180321303634
10	76815001	76860000	10	76815001	77090000	275000	45000	5.258182662617265	99.0%	0.07	-0.18162637927345085
12	79310001	79375000	12	79310001	80455000	1145000	65000	1.9738395130812072	96.0%	0.082	-0.18234120327818698
1	190935001	190995000	1	190935001	191155000	220000	60000	7.330781118857275	98.0%	0.089	-0.18241310346504794
2	26640001	26680000	2	26640001	27095000	455000	40000	4.440302932053749	96.0%	0.038	-0.18410417944948948
5	146975001	147010000	5	146975001	147225000	250000	35000	6.357729427063849	98.0%	0.0545	-0.18542675590791088
11	58390001	58430000	11	58390001	58650000	260000	40000	5.667153224042445	95.0%	0.049	-0.1930599629751063
2	157320001	157360000	2	157320001	157575000	255000	40000	6.020986722043455	98.0%	0.031	-0.1954946708277467
9	43305001	43355000	9	43305001	43805000	500000	50000	3.645839319234922	96.0%	0.0785	-0.1980493692346745
8	126570001	126615000	8	126570001	126915000	345000	45000	7.58485784738452	99.0%	0.02	-0.19904579648748236
8	117180001	117240000	8	117180001	117570000	390000	60000	5.259990166246623	98.0%	0.05	-0.20289493531422087
11	63925001	63965000	11	63925001	64225000	300000	40000	5.463984306763297	97.0%	0.054	-0.20337963707208223
2	11670001	11730000	2	11375001	11730000	355000	60000	6.106916268769383	97.0%	0.015	-0.21320651237270763
8	13535001	13610000	8	13535001	13755000	220000	75000	8.780825036255035	99.0%	0.006	-0.21452620689175336
8	111605001	111685000	8	111420001	111685000	265000	80000	7.881268885567956	98.0%	0.029	-0.22160464374611438
9	34980001	35065000	9	34980001	35520000	540000	85000	3.7336915953826026	95.0%	0.067	-0.2554571211531012
5	44235001	44295000	5	44050001	44295000	245000	60000	6.692563386262908	98.0%	0.039	-0.2637151289951285
2	181375001	181420000	2	181375001	181725000	350000	45000	5.546259670565063	96.0%	0.021	-0.2725447588964175
15	78615001	78645000	15	78615001	78860000	245000	30000	9.265263610878046	99.0%	0.012	-0.28094402274340324
7	28135001	28220000	7	28135001	28425000	290000	85000	5.615324960640873	95.0%	0.0975	-0.2814724285791347
4	122895001	122935000	4	122895001	123220000	325000	40000	5.68095311171711	95.0%	0.076	-0.28994092243377967
3	83895001	83975000	3	83895001	84315000	420000	80000	3.7431642513673804	96.0%	0.099	-0.29443192646706434
11	79015001	79045000	11	79015001	79425000	410000	30000	6.160380344479232	95.0%	0.043	-0.2977599609829776
11	109565001	109595000	11	109340001	109595000	255000	30000	7.887957193744801	98.0%	0.026	-0.30068939424751706
5	135100001	135145000	5	135100001	135350000	250000	45000	6.436476168610295	95.0%	0.056499999999999995	-0.30092656672499757
17	25270001	25305000	17	24990001	25305000	315000	35000	5.6992264798873435	95.0%	0.084	-0.3026604850320179
4	59835001	59885000	4	59555001	59885000	330000	50000	5.615603229992756	98.0%	0.081	-0.30611023274413507
11	54850001	54885000	11	54690001	54885000	195000	35000	9.902767041942296	99.0%	0.079	-0.3082268405076605
7	30330001	30385000	7	30330001	30515000	185000	55000	10.207361227839993	99.0%	0.006	-0.31011680598284486
6	147000001	147035000	6	147000001	147245000	245000	35000	5.9561269345199985	98.0%	0.051	-0.3287109674893333
13	35060001	35100000	13	35060001	35730000	670000	40000	2.5920869101452264	95.0%	0.083	-0.34012221350708327
6	29155001	29210000	6	29155001	29490000	335000	55000	5.641946176291341	96.0%	0.098	-0.3458198273839779
3	9700001	9735000	3	9700001	10320000	620000	35000	3.894515392914341	98.0%	0.0315	-0.35782819419463435
16	78185001	78225000	16	78185001	78655000	470000	40000	3.591359666937972	95.0%	0.051000000000000004	-0.3660762396621343
8	120155001	120195000	8	120155001	120635000	480000	40000	4.086496558770817	97.0%	0.074	-0.368424057557983
19	24280001	24325000	19	24280001	24640000	360000	45000	4.691677498942172	98.0%	0.087	-0.3856551165751052
1	152780001	152815000	1	152780001	153150000	370000	35000	4.088525629237123	96.0%	0.074	-0.39676516347530516
5	114965001	115005000	5	114965001	115255000	290000	40000	6.831456272886398	97.0%	0.0755	-0.4039471154204377
9	58525001	58580000	9	58525001	58925000	400000	55000	4.329345919809457	95.0%	0.073	-0.43893131633033056
11	87760001	87795000	11	87545001	87795000	250000	35000	9.343644864997744	99.0%	0.012	-0.4561321629872913
3	158645001	158725000	3	158645001	158735000	90000	80000	8.589505494932187	97.0%	0.04	-0.4572062856475478
11	53135001	53175000	11	52920001	53175000	255000	40000	7.436794012405474	98.0%	0.074	-0.473549898083412
10	94200001	94240000	10	94200001	94490000	290000	40000	5.346382313281963	97.0%	0.0695	-0.4938691351802954
18	4230001	4290000	18	4230001	4590000	360000	60000	5.1938822913597305	97.0%	0.023	-0.509853997033384
5	138080001	138155000	5	137635001	138155000	520000	75000	2.7088258893509827	95.0%	0.0595	-0.5161697419065395
10	96090001	96150000	10	96090001	97320000	1230000	60000	1.8283418445076485	95.0%	0.077	-0.5237761521210914
14	103450001	103490000	14	103055001	103490000	435000	40000	3.771024797455644	96.0%	0.077	-0.5270773883207895
8	122485001	122525000	8	122485001	122835000	350000	40000	6.319430714681088	98.0%	0.0545	-0.5281603445638896
2	120830001	120895000	2	120415001	120895000	480000	65000	4.162153342091966	95.0%	0.028	-0.5431395333336676
7	25375001	25450000	7	25375001	25815000	440000	75000	4.295805959035866	96.0%	0.037	-0.5486123571538345
15	73685001	73725000	15	73685001	73890000	205000	40000	7.849417404992636	97.0%	0.079	-0.5979468859569904
1	173445001	173480000	1	173445001	174140000	695000	35000	2.4294847824817567	97.0%	0.077	-0.6017089812884182
1	106055001	106095000	1	106055001	106560000	505000	40000	3.422024832569567	96.0%	0.079	-0.6089438114668698
12	78910001	78955000	12	78910001	79095000	185000	45000	8.044767135839084	98.0%	0.091	-0.620545619178861
5	115645001	115690000	5	115645001	115875000	230000	45000	7.985137536654317	99.0%	0.02	-0.6225516007890135
12	106240001	106295000	12	106240001	106560000	320000	55000	4.883672759140388	95.0%	0.0745	-0.6232716659404554
5	63890001	63925000	5	63890001	64285000	395000	35000	4.778978328519246	97.0%	0.079	-0.6239680179052222
7	98570001	98635000	7	98335001	98635000	300000	65000	6.243685377809645	96.0%	0.0775	-0.6294816130500246
11	51800001	51860000	11	51800001	52340000	540000	60000	5.573937005609747	95.0%	0.0645	-0.6299437154926585
2	155935001	155985000	2	155935001	156285000	350000	50000	6.34540814236591	98.0%	0.0675	-0.6393690617173973
17	30525001	30565000	17	30525001	30785000	260000	40000	5.8361794112439345	96.0%	0.081	-0.644826293583993
16	49750001	49790000	16	49750001	49940000	190000	40000	8.5477387978996	99.0%	0.0935	-0.6790204994550865
5	99910001	99965000	5	99910001	100205000	295000	55000	3.940347593930589	96.0%	0.092	-0.6818695955671618
10	22265001	22340000	10	22025001	22340000	315000	75000	2.7359582053036084	96.0%	0.087	-0.6931499551889746
3	51635001	51670000	3	51470001	51670000	200000	35000	8.095848283787317	99.0%	0.059500000000000004	-0.6958065019617369
5	145630001	145680000	5	145630001	146010000	380000	50000	2.812589684674965	95.0%	0.0935	-0.701317426713866
3	96390001	96450000	3	96280001	96450000	170000	60000	9.373220791973523	99.0%	0.0035	-0.7255572728097339
9	68950001	68985000	9	68950001	69370000	420000	35000	5.023765464225941	95.0%	0.044	-0.7302887889784327
3	9385001	9420000	3	9385001	10005000	620000	35000	3.5779015351768626	96.0%	0.0555	-0.7322008561180147
11	70315001	70350000	11	70050001	70350000	300000	35000	6.954757668741893	97.0%	0.034	-0.7362002717928671
4	87765001	87810000	4	87765001	88350000	585000	45000	3.0637014246237353	95.0%	0.096	-0.7479049654656624
7	99610001	99665000	7	99610001	100080000	470000	55000	5.132935140287535	96.0%	0.046	-0.7634061247219643
13	63285001	63355000	13	62975001	63355000	380000	70000	5.255923233148336	98.0%	0.093	-0.7669709128150375
19	34225001	34270000	19	34225001	34675000	450000	45000	5.368755551692634	95.0%	0.025	-0.7716318709977921
7	13255001	13315000	7	12870001	13315000	445000	60000	3.399679137383666	96.0%	0.031	-0.7723333368117659
4	106610001	106645000	4	106610001	106835000	225000	35000	6.558128511582992	97.0%	0.062	-0.7897201457875501
10	60510001	60550000	10	60510001	60715000	205000	40000	7.310532036454039	95.0%	0.077	-0.7927892005077589
14	69845001	69910000	14	69845001	70190000	345000	65000	4.8018052531044315	98.0%	0.061	-0.8023144742173118
18	80805001	80845000	18	80805001	81735000	930000	40000	2.6905995839589028	95.0%	0.0325	-0.8048818295705499
11	86995001	87030000	11	86520001	87030000	510000	35000	5.132233477147627	97.0%	0.0775	-0.8092261447023406
14	31340001	31400000	14	31340001	31650000	310000	60000	6.378319903684531	98.0%	0.055999999999999994	-0.8337106491513171
1	179480001	179520000	1	179480001	179830000	350000	40000	4.247092379330823	97.0%	0.0625	-0.891702902696204
19	44180001	44235000	19	44180001	44490000	310000	55000	5.514869768649557	95.0%	0.0695	-0.9152059872264015
10	14300001	14340000	10	13860001	14340000	480000	40000	3.1802628929456938	98.0%	0.097	-0.9465972060307988
11	72965001	73005000	11	72760001	73005000	245000	40000	8.530900734344506	95.0%	0.047	-0.9474627783878128
8	104900001	104980000	8	104700001	104980000	280000	80000	4.142942421423128	95.0%	0.0345	-0.9710605885333721
19	57145001	57180000	19	57145001	57650000	505000	35000	4.1914564629256486	96.0%	0.044	-0.995341081843924
15	73180001	73230000	15	72535001	73230000	695000	50000	2.673987440262913	95.0%	0.088	-1.0034584929328731
3	20645001	20685000	3	20645001	22190000	1545000	40000	1.2735962450820164	95.0%	0.073	-1.0119133279718058
6	48620001	48665000	6	48620001	48910000	290000	45000	6.64822133607617	95.0%	0.08499999999999999	-1.014743768773257
18	24285001	24335000	18	24285001	24660000	375000	50000	4.102926895164166	96.0%	0.063	-1.0520803277856914
10	83485001	83560000	10	82900001	83560000	660000	75000	2.410487980770919	95.0%	0.08	-1.0522342882631481
4	32130001	32165000	4	32130001	32455000	325000	35000	5.94356281517605	96.0%	0.027	-1.0812962021046344
3	84070001	84140000	3	83845001	84140000	295000	70000	4.9545835039430965	97.0%	0.052	-1.104780807702576
19	46980001	47015000	19	46700001	47015000	315000	35000	7.019685279795778	97.0%	0.034	-1.1359756387933344
15	42660001	42715000	15	41810001	42715000	905000	55000	2.515050800978485	95.0%	0.081	-1.1419560411816865
1	133705001	133750000	1	133705001	134145000	440000	45000	4.755583073948515	96.0%	0.066	-1.145620845365512
7	100505001	100560000	7	100505001	100845000	340000	55000	5.690258075655675	96.0%	0.0695	-1.1567200795278705
10	111490001	111520000	10	111490001	111965000	475000	30000	3.8153418601636875	98.0%	0.09	-1.1623220237301997
3	95320001	95365000	3	95320001	95855000	535000	45000	3.8498902752919597	95.0%	0.094	-1.201951096526471
10	96205001	96235000	10	96205001	97350000	1145000	30000	2.5637646691056974	98.0%	0.018	-1.2296473569935364
5	140285001	140325000	5	139825001	140325000	500000	40000	5.625570427992436	98.0%	0.017	-1.2360758729917787
4	136140001	136205000	4	135760001	136205000	445000	65000	5.828918153232541	97.0%	0.029	-1.2409178626947532
10	19010001	19045000	10	19010001	19190000	180000	35000	10.523623434791505	99.0%	0.0755	-1.2491922691910848
6	115885001	115920000	6	115885001	116305000	420000	35000	5.482170691364352	96.0%	0.0445	-1.272310418602548
13	85290001	85315000	13	85290001	85570000	280000	25000	4.705393704940112	97.0%	0.048	-1.2808829295447013
15	79920001	79995000	15	79920001	80230000	310000	75000	7.152835066848214	96.0%	0.0655	-1.2888037210134027
2	68855001	68885000	2	68855001	69030000	175000	30000	8.962603891024154	97.0%	0.051	-1.2929127735384356
2	92865001	92900000	2	92865001	93530000	665000	35000	3.491847390620688	96.0%	0.066	-1.303275102559644
11	75760001	75800000	11	75760001	76185000	425000	40000	5.7334503005174815	96.0%	0.069	-1.32057029559959
11	79150001	79230000	11	78840001	79230000	390000	80000	6.221579712803641	95.0%	0.0235	-1.3510741672380508
7	125460001	125500000	7	125460001	125645000	185000	40000	10.221338257034542	99.0%	0.006	-1.3568419453403386
18	64935001	64995000	18	64750001	64995000	245000	60000	6.12016707829144	96.0%	0.027	-1.38469414268116
12	108600001	108640000	12	108600001	108765000	165000	40000	9.264240526534333	99.0%	0.026	-1.4044291216530205
5	100660001	100735000	5	100660001	100920000	260000	75000	5.515281053869901	98.0%	0.0985	-1.4118465589150788
7	16595001	16655000	7	16595001	16890000	295000	60000	6.295400008130301	95.0%	0.044	-1.4127081544709632
15	100805001	100840000	15	100805001	101085000	280000	35000	5.658224583660531	96.0%	0.09	-1.448970499038868
19	46840001	46895000	19	46840001	47165000	325000	55000	6.228367424500553	96.0%	0.047	-1.4936410726476068
4	155465001	155510000	4	155465001	155680000	215000	45000	7.388349706341341	97.0%	0.066	-1.5447317738103798
9	101100001	101165000	9	100480001	101165000	685000	65000	3.115227745918725	96.0%	0.064	-1.5562894889336392
4	150320001	150390000	4	150320001	150610000	290000	70000	6.854509797872941	98.0%	0.0775	-1.5800216214631533
17	84180001	84235000	17	83940001	84235000	295000	55000	6.795795571783591	96.0%	0.016	-1.6542692849338771
1	134095001	134125000	1	133800001	134125000	325000	30000	6.220527555062573	96.0%	0.026	-1.757752150034216
19	29040001	29080000	19	29040001	29365000	325000	40000	5.9644866128393526	96.0%	0.061	-1.770059690292542
14	8670001	8720000	14	8670001	8860000	190000	50000	5.99023102260323	97.0%	0.06	-1.781492827216348
2	32090001	32145000	2	31810001	32145000	335000	55000	6.931724321503679	97.0%	0.062	-1.8560559271487513
9	64770001	64800000	9	64770001	64960000	190000	30000	8.913692742323281	99.0%	0.05499999999999999	-1.8989516887521747
12	115780001	115825000	12	115780001	116020000	240000	45000	4.901047941436906	96.0%	0.086	-1.9003676236344307
7	25280001	25345000	7	25080001	25345000	265000	65000	8.65049704599192	97.0%	0.035	-1.915048723690304
7	4605001	4650000	7	4605001	5075000	470000	45000	5.692976536029503	96.0%	0.0775	-1.9221264515763918
12	109010001	109050000	12	109010001	109405000	395000	40000	3.977836195940389	96.0%	0.059	-1.9696154412040205
2	18360001	18400000	2	18360001	19405000	1045000	40000	2.3458315977420305	95.0%	0.055	-1.99509234643415
2	120460001	120490000	2	120460001	120725000	265000	30000	7.8497285026418675	95.0%	0.089	-2.0239433121301005
15	27740001	27775000	15	27740001	27895000	155000	35000	10.69705651244784	99.0%	0.006	-2.032914849900462
11	97885001	97970000	11	97885001	98225000	340000	85000	7.799907397663406	96.0%	0.033	-2.0562587509200503
11	114175001	114215000	11	114175001	114650000	475000	40000	4.944069850857313	96.0%	0.066	-2.1164863454024285
13	98950001	98980000	13	98950001	99135000	185000	30000	6.736897646619173	98.0%	0.096	-2.1347452198353016
3	104645001	104700000	3	103985001	104700000	715000	55000	3.3709869150400835	95.0%	0.086	-2.146277320330709
8	110840001	110915000	8	110840001	111185000	345000	75000	5.611059692655689	96.0%	0.067	-2.147887986887791
6	136600001	136655000	6	136600001	136990000	390000	55000	4.427247909988169	96.0%	0.049	-2.149898960007812
10	93260001	93310000	10	93260001	93590000	330000	50000	5.611807297306999	98.0%	0.0405	-2.1554786419956105
7	64135001	64180000	7	63825001	64180000	355000	45000	5.395965924409337	95.0%	0.019	-2.1981732818018322
X	13205001	13245000	X	13205001	13665000	460000	40000	2.1226543577797194	97.0%	0.067	-2.260634421427792
6	129075001	129120000	6	129075001	129255000	180000	45000	8.944194761756062	98.0%	0.031	-2.3151974938150066
1	58765001	58805000	1	58765001	59160000	395000	40000	4.3492577771456755	97.0%	0.063	-2.3592013046095515
10	60140001	60185000	10	60140001	60475000	335000	45000	5.142391210320045	96.0%	0.097	-2.46451843754067
10	122955001	123035000	10	122685001	123035000	350000	80000	5.805263414820434	97.0%	0.0485	-2.478930135421889
5	109585001	109620000	5	109585001	110320000	735000	35000	2.7656577499797548	98.0%	0.036	-2.508388206737558
6	87840001	87925000	6	87840001	88105000	265000	85000	6.10794034108371	97.0%	0.083	-2.545964141030666
11	98545001	98605000	11	98320001	98605000	285000	60000	9.291259331180862	99.0%	0.032	-2.5479655985018423
9	80370001	80385000	9	80370001	80765000	395000	15000	3.9707488693714486	96.0%	0.063	-2.5683533647863306
13	58270001	58355000	13	58270001	58545000	275000	85000	5.222296285951142	97.0%	0.096	-2.5695296880544896
15	98560001	98600000	15	98560001	98800000	240000	40000	8.767112519825307	97.0%	0.0975	-2.608406852665591
5	3460001	3530000	5	3230001	3530000	300000	70000	6.644336814140483	98.0%	0.035500000000000004	-2.7163649007057034
12	77555001	77580000	12	76985001	77580000	595000	25000	3.9448602446652523	98.0%	0.06	-2.8131245700397924
11	86550001	86585000	11	86550001	87025000	475000	35000	5.279737971934692	95.0%	0.09	-2.8384671377279975
11	116910001	116940000	11	116910001	117060000	150000	30000	12.898892004507472	99.0%	0.058499999999999996	-2.8896348452798204
17	52050001	52080000	17	52050001	52360000	310000	30000	5.30825122990817	96.0%	0.05	-2.9155439968328114
4	106795001	106835000	4	106795001	107295000	500000	40000	4.557771797652686	95.0%	0.037000000000000005	-3.0072005045045347
2	3865001	3910000	2	3865001	4240000	375000	45000	5.21713719912388	97.0%	0.061	-3.0220023774842564
5	92440001	92475000	5	92440001	92605000	165000	35000	8.137635966116342	96.0%	0.044	-3.11891174327889
17	56345001	56420000	17	56345001	56660000	315000	75000	6.799314567284558	97.0%	0.054	-3.2312855103715643
4	7230001	7260000	4	7230001	7470000	240000	30000	6.251541808965128	95.0%	0.055	-3.319490134563648
1	91950001	91985000	1	91950001	92460000	510000	35000	4.009997599709624	97.0%	0.0735	-3.372102371600279
19	5770001	5800000	19	5770001	6005000	235000	30000	8.770971699631023	98.0%	0.069	-3.4463786040663584
19	46130001	46175000	19	46130001	46545000	415000	45000	5.337981579419862	95.0%	0.092	-3.522910062258619
3	103430001	103460000	3	103430001	103840000	410000	30000	4.577995460722074	98.0%	0.042499999999999996	-3.5288115839479817
14	78820001	78870000	14	78820001	79140000	320000	50000	4.571246375890882	98.0%	0.098	-3.5968663535534673
16	75750001	75800000	16	75750001	76830000	1080000	50000	2.3030538927317217	95.0%	0.079	-3.6223277541971024
10	59590001	59630000	10	59590001	59825000	235000	40000	7.119890853139006	98.0%	0.055	-3.7662369706334
16	76530001	76580000	16	76200001	76580000	380000	50000	4.760343078271914	96.0%	0.089	-3.8847465644065577
4	7585001	7615000	4	7585001	7825000	240000	30000	5.391978577685223	96.0%	0.087	-3.930928986310241
3	84685001	84745000	3	84685001	84895000	210000	60000	7.491510203433254	96.0%	0.038	-3.9328393877758696
7	143685001	143715000	7	143505001	143715000	210000	30000	8.720446873521778	99.0%	0.017	-3.9813017617873143
10	39235001	39275000	10	39235001	39525000	290000	40000	6.778368302036589	98.0%	0.046	-4.057852895904243
5	36030001	36075000	5	36030001	36275000	245000	45000	7.025132405424571	98.0%	0.067	-4.279491049990874
10	21440001	21485000	10	21440001	21935000	495000	45000	4.3285254564661875	96.0%	0.06	-4.298955977475711
17	21260001	21295000	17	21260001	21595000	335000	35000	4.722481285093742	95.0%	0.047	-4.430811147065166
12	85155001	85190000	12	85155001	85300000	145000	35000	11.506380625887362	99.0%	0.04	-4.486703226964311
9	13290001	13320000	9	13290001	13705000	415000	30000	6.689909312860222	98.0%	0.005	-4.4934395593312235
15	5235001	5260000	15	5235001	5945000	710000	25000	3.70238778628302	99.0%	0.0205	-4.529755730030422
16	4670001	4710000	16	4670001	4930000	260000	40000	7.208296211942774	98.0%	0.0645	-4.550099916002176
11	5100001	5140000	11	5100001	5790000	690000	40000	5.35223127025826	95.0%	0.067	-4.592912723445674
4	63410001	63445000	4	63410001	63720000	310000	35000	5.748913154906714	97.0%	0.069	-4.66731878909638
7	128350001	128385000	7	128350001	128715000	365000	35000	6.900077325990348	97.0%	0.019	-5.248818403940602
17	57080001	57110000	17	57080001	57270000	190000	30000	7.770778078565413	96.0%	0.085	-5.268590046671083
3	88680001	88765000	3	88680001	89135000	455000	85000	4.433609937176183	97.0%	0.091	-5.272930961297392
3	59160001	59200000	3	59160001	59750000	590000	40000	3.3152229987483453	97.0%	0.0925	-5.3316363597867555
5	65945001	65980000	5	65480001	65980000	500000	35000	4.682498153904846	97.0%	0.0985	-5.4788950316818035
2	122375001	122405000	2	122375001	122685000	310000	30000	4.954661502430189	96.0%	0.0785	-5.732477690906692
14	70885001	70910000	14	70885001	71680000	795000	25000	2.669506500844675	96.0%	0.053	-5.813939305816942
8	119590001	119635000	8	119375001	119635000	260000	45000	7.23795208700725	98.0%	0.037000000000000005	-6.205908930609507
6	86785001	86830000	6	86785001	87015000	230000	45000	8.308858514581367	98.0%	0.089	-6.760469198110911
15	81055001	81140000	15	81055001	81385000	330000	85000	7.035497623230742	96.0%	0.0985	-7.42689820913507
3	50820001	50905000	3	50120001	50905000	785000	85000	2.745426985795954	95.0%	0.012	-8.87401050276679
5	64495001	64540000	5	64495001	64875000	380000	45000	6.822002637355076	97.0%	0.011	-9.209117506663542
5	149320001	149355000	5	148965001	149355000	390000	35000	6.839743905332979	98.0%	0.0295	-10.176723054096803
11	11545001	11590000	11	11545001	11755000	210000	45000	11.561198610759813	99.0%	0.014	-10.861944281280307
9	44145001	44190000	9	44145001	44470000	325000	45000	8.18057883842683	95.0%	0.035	-11.099994284144792
